1.11622
1.11626
1.11558
1.11577
1.11616
1.11714
1.11544
1.11544
1.11732
1.11732
1.121
1.11982
1.11531
1.11821
1.11886
1.11531
1.11357
1.11524
1.11513
1.11661
1.11558
1.11655
1.11475
1.11533
1.11631
1.11631
1.11639
1.11639
1.11487
1.11627
1.11636
1.11583
1.11465
1.11465
1.11659
1.11559
1.11538
1.11526
1.11727
1.11829
1.1142
1.11381
1.11513
1.11569
1.11521
1.11439
1.11707
1.11389
1.1154
1.1158
1.11531
1.11267
1.11267
1.12061
1.11509
1.33487
1.11728
1.116
1.11678
1.11425
1.11568
1.11587
1.11726
1.11458
1.11724
1.11604
1.11388
1.1153
1.11503
1.11503
1.11592
1.11592
1.11726
1.11629
1.11524
1.11864
1.1165
1.11554
1.11607
1.11535
1.11802
1.1156
1.11623
1.11479
1.11511
1.11646
1.11457
1.11687
1.11683
1.11545
1.11631
1.11491
1.1176
1.1158
1.11519
1.11509
1.11344
1.11428
1.11642
1.11364
1.1143
1.1143
1.11356
1.11356
1.11601
1.11548
1.1156
1.11551
1.11461
1.11598
1.11685
1.11588
1.11712
1.11675
1.11558
1.11756
1.11462
1.11582
1.11662
1.11662
1.11564
1.11564
1.11759
1.11533
1.11558
1.1158
1.11475
1.11713
1.11438
1.11693
1.11576
1.11635
1.11345
1.11712
1.11416
1.11552
1.11452
1.11696
1.11439
1.11438
1.11668
1.11822
1.11579
1.11558
1.27276
1.27276
1.1164
1.11508
1.11581
1.11581
1.11592
1.11899
1.11514
1.11618
1.11822
1.11822
1.11546
1.11546
1.11453
1.11495
1.11575
1.11773
1.11595
1.11627
1.11742
1.11703
1.11915
1.11685
1.11425
1.11552
1.11715
1.11715
1.1152
1.1152
1.11666
1.11581
1.17981
1.17981
1.11495
1.11552
1.11779
1.11493
1.11574
1.11631
1.11741
1.11548
1.11621
1.11568
1.11493
1.11592
1.11983
1.11541
1.11709
1.11618
1.11475
1.11747
1.11443
1.11428
1.11412
1.11534
1.11422
1.11547
1.11594
1.11607
1.11611
1.11682
1.11351
1.10836
1.11559
1.11711
1.11547
1.11831
1.1155
1.1133
1.11439
1.58428
1.11687
1.11504
1.11693
1.11599
1.11605
1.11458
1.11531
1.11873
1.11442
1.11442
1.11358
1.11371
1.11729
1.20241
1.11764
1.11527
1.11527
1.11577
1.11365
1.11545
1.1157
1.1156
1.11518
1.11321
1.11598
1.11683
1.11227
1.11089
1.11641
1.11698
1.1165
1.11374
1.11626
1.11461
1.11569
1.11384
1.11363
1.11567
1.11567
1.11672
1.11672
1.11358
1.11629
1.11619
1.11619
1.11677
1.11491
1.11438
1.11483
1.11749
1.11435
1.11401
1.11303
1.1131
1.11599
1.11794
1.19295
1.11384
1.42106
1.42106
1.42106
1.25598
1.25598
1.25598
1.11687
1.11704
1.11704
1.1164
1.11261
1.11578
1.11578
1.11578
1.1159
1.11447
1.11306
1.11527
1.11586
1.11576
1.11602
1.11604
1.11541
1.11375
1.11497
1.11532
1.11876
1.11468
1.11875
1.11545
1.11595
1.11595
1.11563
1.11643
1.11668
1.11503
1.11778
1.11778
1.11268
1.11268
1.11484
1.11628
1.11404
1.10983
1.10983
1.11405
1.11109
1.11729
1.11579
1.1144
1.11453
1.11656
1.11492
1.11599
1.11605
1.49635
1.11516
1.11596
1.15588
1.11613
1.11613
1.11579
1.11579
1.11481
1.11581
1.11541
1.11697
1.11284
1.11571
1.115
1.11459
1.11257
1.11363
1.11748
1.11748
1.11604
1.11621
1.11448
1.11503
1.11649
1.11152
1.11556
1.1161
1.11611
1.11911
1.12196
1.11445
1.11604
1.11575
1.11472
1.11676
1.11517
1.11391
1.11581
1.11578
1.11462
1.11658
1.1134
1.11658
1.11511
1.11483
1.11576
1.11556
1.11395
1.11526
1.11951
1.11815
1.11659
1.11555
1.11688
1.11735
1.11513
1.11455
1.11484
1.11401
1.11659
1.11644
1.11665
1.12014
1.11433
1.11579
1.11703
1.11703
1.1147
1.11782
1.11485
1.11485
1.11631
1.11453
1.11453
1.11566
1.11566
1.11989
1.11989
1.11641
1.11689
1.11392
1.11486
1.11647
1.11663
1.11535
1.11416
1.11561
1.1165
1.11564
1.11433
1.11623
1.11469
1.11669
1.11471
1.11644
1.11489
1.1173
1.12172
1.11565
1.11641
1.11394
1.1913
1.11654
1.11654
1.1163
1.11543
1.11382
1.11603
1.1155
1.11452
1.11759
1.11429
1.11542
1.1143
1.11694
1.11633
1.11531
1.11651
1.11651
1.11125
1.11125
1.11547
1.11603
1.11451
1.11503
1.11389
1.11807
1.1154
1.11422
1.11808
1.12145
1.12145
1.11632
1.11446
1.11482
1.11565
1.11724
1.11513
1.11689
1.11689
1.11668
1.11705
1.12022
1.1174
1.11348
1.11524
1.11364
1.11294
1.11713
1.11449
1.11599
1.11508
1.11781
1.11617
1.11355
1.11562
1.11562
1.11523
1.11595
1.11651
1.11419
1.11466
1.11882
1.11373
1.11587
1.11453
1.11666
1.11666
1.11579
1.11579
1.11486
1.11463
1.11463
1.11548
1.11695
1.11506
1.11553
1.11507
1.11482
1.11561
1.11577
1.11399
1.11387
1.11456
1.11569
1.11529
1.11456
1.11592
1.11584
1.34662
1.34662
1.34662
1.34662
1.34662
1.34662
1.29666
1.29666
1.29666
1.29666
1.29666
1.29666
1.11578
1.11646
1.1187
1.1195
1.11586
1.11584
1.11408
1.11353
1.11629
1.11629
1.11566
1.1133
1.11476
1.11528
1.11668
1.11767
1.11553
1.11536
1.11463
1.11596
1.11712
1.1161
1.11513
1.11609
1.11609
1.11384
1.11711
1.11685
1.11715
1.11764
1.11577
1.11744
1.1163
1.11585
1.11553
1.11638
1.11469
1.11675
1.11588
1.11588
1.11696
1.11696
1.11797
1.11507
1.11399
1.11621
1.11647
1.11448
1.11771
1.11771
1.11629
1.11629
1.11626
1.11685
1.11743
1.11861
1.11597
1.11781
1.11781
1.11666
1.11381
1.11381
1.11687
1.11687
1.11629
1.11617
1.11567
1.11472
1.11532
1.11488
1.11472
1.11633
1.11347
1.11347
1.1147
1.11409
1.1164
1.11601
1.11701
1.11542
1.11875
1.11668
1.11755
1.11557
1.11557
1.11606
1.11651
1.11517
1.11448
1.11519
1.11501
1.11638
1.11671
1.11671
1.11461
1.11461
1.11621
1.11908
1.11607
1.11607
1.11708
1.11417
1.11605
1.11799
1.11612
1.1169
1.11786
1.11438
1.11438
1.11657
1.11628
1.1196
1.1196
1.11613
1.11582
1.11449
1.1149
1.11225
1.1186
1.11671
1.11423
1.11652
1.11632
1.11557
1.19074
1.11647
1.11638
1.11344
1.11502
1.11672
1.11495
1.11737
1.11737
1.11737
1.12033
1.12033
1.12033
1.11486
1.11486
1.11739
1.11739
1.11963
1.11385
1.1161
1.11447
1.11602
1.1148
1.11738
1.11666
1.11446
1.11382
1.11279
1.11613
1.11613
1.11641
1.11641
1.11579
1.11611
1.11426
1.11687
1.11641
1.11367
1.1155
1.11498
1.11709
1.11269
1.11698
1.12061
1.12061
1.11706
1.1146
1.11488
1.11708
1.11568
1.11568
1.1159
1.1153
1.11651
1.11482
1.1159
1.11569
1.1161
1.11285
1.11635
1.11635
1.11143
1.11143
1.11918
1.11552
1.11604
1.11253
1.11495
1.11874
1.8152
1.8152
1.8152
1.8152
1.8152
1.8152
1.34744
1.34744
1.34744
1.34744
1.34744
1.34744
1.11899
1.1149
1.11577
1.1182
1.11577
1.11848
1.43922
1.43922
1.43922
1.5701
1.5701
1.5701
1.11793
1.11627
1.11792
1.11222
1.11515
1.11515
1.11326
1.11326
1.11433
1.11747
1.11381
1.11592
1.11573
1.34105
1.34105
1.34105
1.34105
1.34105
1.34105
1.34105
1.34105
1.34105
1.34105
1.20405
1.20405
1.20405
1.20405
1.20405
1.20405
1.20405
1.20405
1.20405
1.20405
1.22999
1.22999
1.22999
1.22999
1.22999
1.22999
1.22999
1.22999
1.22999
1.22999
1.11519
1.11593
1.11479
1.11666
1.11666
1.11354
1.11354
1.11393
1.11379
1.11451
1.11521
1.11403
1.11403
1.11701
1.11502
1.11567
1.11713
1.11403
1.11669
1.11613
1.11617
1.11742
1.11626
1.11592
1.1152
1.11568
1.11581
1.11615
1.1182
1.11716
1.11627
1.11528
1.11525
1.11852
1.11431
1.1154
1.11448
1.11519
1.1155
1.1155
1.11589
1.11589
1.12047
1.11549
1.11578
1.11596
1.1162
1.11608
1.11815
1.11637
1.11531
1.11438
1.11502
1.11675
1.11509
1.35138
1.35138
1.35138
1.31509
1.31509
1.31509
1.11106
1.11531
1.11775
1.11482
1.1128
1.11595
1.11777
1.11715
1.12006
1.23414
1.23414
1.23414
1.23414
1.23414
1.23414
1.23414
1.23414
1.23414
1.23414
1.24243
1.24243
1.24243
1.24243
1.24243
1.24243
1.24243
1.24243
1.24243
1.24243
1.2629
1.2629
1.2629
1.2629
1.2629
1.2629
1.2629
1.2629
1.2629
1.2629
1.1176
1.1176
1.1176
1.1176
1.1176
1.1176
1.1176
1.1176
1.1176
1.1176
1.26869
1.26869
1.26869
1.26869
1.26869
1.26869
1.26869
1.26869
1.26869
1.26869
1.11605
1.11605
1.11605
1.11605
1.11605
1.11605
1.11605
1.11605
1.11605
1.11605
1.11716
1.11585
1.11468
1.11636
1.11636
1.11663
1.11517
1.11454
1.11475
1.12227
1.11524
1.1153
1.11584
1.11515
1.11583
1.1167
1.1167
1.11629
1.11582
1.11568
1.11653
1.11551
1.11578
1.1145
1.1145
1.11521
1.11521
1.11586
1.11586
1.11688
1.11508
1.1155
1.11609
1.11659
1.11463
1.11534
1.11618
1.11401
1.11411
1.11606
1.11501
1.1155
1.11631
1.11569
1.11214
1.11519
1.11519
1.11505
1.11505
1.11584
1.11457
1.11777
1.11383
1.11652
1.11234
1.11713
1.11244
1.11553
1.11546
1.11618
1.11554
1.11554
1.11631
1.11631
1.11516
1.11743
1.11606
1.11585
1.1172
1.11742
1.11353
1.11499
1.11869
1.11773
1.11721
1.11606
1.11614
1.11512
1.11542
1.11542
1.11654
1.11625
1.11593
1.11468
1.11414
1.11569
1.11489
1.11308
1.11308
1.11585
1.11585
1.11479
1.11485
1.11702
1.11631
1.1163
1.11651
1.11624
1.11582
1.11596
1.11567
1.11225
1.11605
1.11651
1.11606
1.11564
1.11612
1.11696
1.11416
1.11536
1.11669
1.11669
1.11629
1.1152
1.1154
1.11431
1.11431
1.11663
1.11651
1.11539
1.11395
1.11379
1.1146
1.115
1.115
1.11554
1.11554
1.11452
1.11603
1.11503
1.11717
1.11601
1.11581
1.11542
1.11618
1.11849
1.11521
1.11597
1.11668
1.11557
1.11615
1.11908
1.11412
1.11412
1.11406
1.1152
1.11673
1.11673
1.11671
1.11549
1.11585
1.11631
1.11515
1.11515
1.11515
1.11585
1.1159
1.11577
1.11481
1.11613
1.11639
1.11659
1.11432
1.11432
1.1177
1.11604
1.11541
1.11565
1.11607
1.11667
1.11638
1.11476
1.11574
1.11208
1.11526
1.11499
1.11409
1.11511
1.11331
1.11693
1.11315
1.11833
1.11715
1.11403
1.11472
1.11552
1.11487
1.11769
1.11678
1.11643
1.11496
1.11683
1.11683
1.11683
1.1167
1.1145
1.11231
1.1159
1.11544
1.1163
1.11526
1.11752
1.11904
1.11469
1.11731
1.11757
1.11565
1.11476
1.11591
1.11311
1.11456
1.11456
1.1178
1.1178
1.11471
1.11471
1.12038
1.11437
1.11699
1.11699
1.11731
1.11878
1.11603
1.11489
1.11494
1.1169
1.11848
1.11849
1.11578
1.11667
1.11661
1.11661
1.11611
1.115
1.11344
1.11354
1.11475
1.1168
1.11629
1.1169
1.1164
1.11631
1.11451
1.1148
1.11448
1.11388
1.11493
1.11496
1.11671
1.11254
1.11254
1.11841
1.11841
1.11466
1.11466
1.11732
1.11698
1.11772
1.11772
1.11519
1.11519
1.11622
1.11602
1.11549
1.11618
1.11416
1.11545
1.11484
1.11505
1.1118
1.11662
1.11787
1.11621
1.11511
1.11552
1.11574
1.11449
1.10979
1.1161
1.11723
1.117
1.11556
1.11556
1.11688
1.11843
1.1145
1.11545
1.11864
1.11877
1.11678
1.1149
1.11579
1.11635
1.11655
1.11581
1.11601
1.11561
1.11247
1.11642
1.27162
1.11582
1.11565
1.11535
1.11678
1.11712
1.1189
1.11498
1.11663
1.11654
1.11469
1.11972
1.11629
1.11504
1.12155
1.11533
1.11826
1.11732
1.11785
1.11253
1.54963
1.54963
1.54963
1.42094
1.42094
1.42094
1.11593
1.11632
1.11265
1.1157
1.11513
1.11587
1.11777
1.1168
1.1168
1.10994
1.11569
1.11718
1.11718
1.11452
1.11452
1.11735
1.11605
1.11484
1.11576
1.11511
1.11594
1.11537
1.11401
1.11401
1.11494
1.11494
1.11563
1.11636
1.11636
1.11131
1.11677
1.1148
1.11638
1.11698
1.11313
1.11645
1.0926
1.11569
1.11817
1.11714
1.11656
1.1175
1.11529
1.11601
1.11626
1.11781
1.11666
1.11666
1.11666
1.11421
1.11421
1.11421
1.11559
1.11569
1.11487
1.11494
1.11817
1.16185
1.16185
1.16185
1.16185
1.29739
1.29739
1.29739
1.29739
1.11534
1.11571
1.11329
1.11491
1.11491
1.11631
1.1157
1.1167
1.11508
1.11564
1.1159
1.11626
1.11308
1.11729
1.11704
1.11649
1.11699
1.11706
1.11612
1.11604
1.11857
1.11403
1.1147
1.11608
1.11556
1.11493
1.11603
1.11565
1.11552
1.116
1.11776
1.11781
1.11577
1.11259
1.11513
1.11806
1.11633
1.11466
1.11514
1.11973
1.11973
1.11635
1.11373
1.1152
1.11535
1.11503
1.11467
1.11394
1.11394
1.11573
1.11487
1.11484
1.11484
1.11742
1.11928
1.11449
1.11636
1.11572
1.11669
1.11621
1.11762
1.11573
1.11485
1.11701
1.11721
1.11578
1.11634
1.11582
1.11973
1.11769
1.11769
1.11624
1.11321
1.11321
1.11579
1.11579
1.11601
1.10371
1.11784
1.11743
1.11668
1.11767
1.11767
1.11597
1.11597
1.1164
1.11441
1.11593
1.11857
1.11418
1.11652
1.11592
1.11239
1.11565
1.11634
1.11466
1.11624
1.11648
1.11624
1.11658
1.11895
1.1172
1.11467
1.11617
1.11757
1.11757
1.11264
1.11264
1.15535
1.15535
1.11567
1.11742
1.11809
1.11387
1.11497
1.11497
1.11664
1.11499
1.11625
1.11464
1.11575
1.1158
1.11965
1.11965
1.11618
1.11713
1.11664
1.13412
1.11576
1.11454
1.11418
1.11418
1.11714
1.11714
1.11288
1.11288
1.11705
1.11491
1.11514
1.11593
1.11593
1.11536
1.11577
1.11691
1.11688
1.1113
1.11604
1.11401
1.11474
1.11627
1.11607
1.11559
1.11542
1.11599
1.11181
1.11384
1.11626
1.11544
1.11561
1.11518
1.11566
1.11838
1.11569
1.11519
1.115
1.11695
1.11849
1.11618
1.11352
1.11562
1.11502
1.27973
1.11388
1.11437
1.11786
1.11786
1.11204
1.11722
1.11564
1.11697
1.11697
1.11422
1.11565
1.11619
1.11726
1.11412
1.1158
1.1158
1.1141
1.11488
1.11477
1.11757
1.11655
1.11351
1.11281
1.1167
1.11103
1.1156
1.11792
1.11556
1.11527
1.1166
1.11541
1.11664
1.11664
1.11466
1.11466
1.11646
1.11525
1.119
1.11472
1.11571
1.11727
1.11411
1.11493
1.11537
1.11488
1.11477
1.11602
1.11395
1.11397
1.11577
1.11436
1.11463
1.11569
1.11585
1.1151
1.11379
1.11548
1.11646
1.11665
1.11561
1.11432
1.11601
1.11566
1.11592
1.58102
1.11647
1.11657
1.19698
1.11457
1.11465
1.11733
1.11733
1.11613
1.11613
1.11566
1.1149
1.1172
1.11674
1.11491
1.11608
1.11386
1.11597
1.11527
1.11623
1.11893
1.11594
1.11594
1.11591
1.11591
1.11521
1.11405
1.11617
1.1164
1.11234
1.11704
1.11438
1.11237
1.11511
1.1172
1.1159
1.11796
1.11635
1.11428
1.1161
1.11493
1.11568
1.11524
1.11606
1.11581
1.1156
1.11436
1.82307
1.11556
1.11434
1.11417
1.11845
1.11759
1.11595
1.11595
1.11526
1.11581
1.11484
1.11903
1.1168
1.11492
1.11533
1.11499
1.11272
1.12009
1.11463
1.11508
1.11481
1.11297
1.1145
1.11401
1.11662
1.11539
1.11794
1.1155
1.11859
1.11596
1.11254
1.11573
1.11512
1.11687
1.11625
1.11276
1.11628
1.11827
1.11616
1.11772
1.11563
1.11464
1.11713
1.11463
1.11828
1.11599
1.11666
1.11666
1.11619
1.11619
1.11619
1.11837
1.11687
1.11395
1.11656
1.11474
1.11759
1.11666
1.12021
1.11427
1.11455
1.11707
1.1174
1.11666
1.11591
1.11547
1.11771
1.11472
1.11592
1.11704
1.11443
1.11443
1.11349
1.11233
1.11973
1.11457
1.11667
1.11564
1.11564
1.11533
1.11513
1.11535
1.11716
1.11592
1.29352
1.29352
1.29352
1.32522
1.32522
1.32522
1.11715
1.11493
1.11568
1.11568
1.1159
1.1159
1.11568
1.11375
1.11375
1.11711
1.11554
1.11896
1.11632
1.11632
1.11283
1.11617
1.11351
1.11199
1.11422
1.11112
1.11587
1.11652
1.1148
1.11779
1.11522
1.11396
1.11611
1.11539
1.11539
1.11561
1.11687
1.11412
1.11824
1.11709
1.11545
1.11736
1.11699
1.1143
1.115
1.11634
1.11732
1.11593
1.11593
1.11545
1.11545
1.11335
1.11499
1.11388
1.11476
1.1151
1.11704
1.11385
1.11519
1.11901
1.11581
1.11892
1.11469
1.11469
1.11544
1.11544
1.11343
1.11712
1.11501
1.11527
1.11718
1.11718
1.11649
1.11538
1.11501
1.1158
1.11596
1.1172
1.11595
1.11595
1.11644
1.11644
1.11587
1.11538
1.1142
1.11649
1.11715
1.1164
1.11554
1.11666
1.1157
1.11396
1.11554
1.11712
1.11855
1.11545
1.11667
1.11446
1.11526
1.11555
1.11681
1.11704
1.11489
1.11406
1.11544
1.11593
1.11372
1.11372
1.11728
1.11769
1.11673
1.11268
1.11795
1.11583
1.11348
1.11765
1.11175
1.1157
1.11624
1.11465
1.11521
1.11521
1.11599
1.11599
1.11611
1.11611
1.11824
1.11824
1.11427
1.11737
1.11633
1.11694
1.11694
1.11683
1.11512
1.11694
1.1129
1.11537
1.11546
1.1165
1.11805
1.11808
1.11452
1.11608
1.11399
1.11729
1.11657
1.11458
1.11605
1.11458
1.11576
1.11736
1.11747
1.11552
1.11627
1.11661
1.11609
1.11502
1.11736
1.11603
1.11662
1.11649
1.11544
1.11358
1.11574
1.11676
1.1154
1.11917
1.11541
1.11498
1.11498
1.11279
1.11732
1.11639
1.11844
1.11537
1.11945
1.11649
1.11553
1.11549
1.11665
1.11823
1.11685
1.11573
1.11629
1.11524
1.11456
1.11576
1.11592
1.11588
1.11327
1.11676
1.11492
1.11598
1.11583
1.11583
1.11476
1.11476
1.11533
1.11552
1.11882
1.11343
1.11571
1.11665
1.11531
1.11558
1.11642
1.11589
1.11747
1.11838
1.11508
1.1165
1.1165
1.11591
1.11443
1.11762
1.11669
1.11465
1.11524
1.11996
1.11741
1.1153
1.11668
1.11461
1.11471
1.11488
1.11671
1.11445
1.11608
1.11745
1.11371
1.11639
1.11571
1.11539
1.11543
1.11405
1.11405
1.11764
1.11764
1.1184
1.11653
1.11539
1.11608
1.1154
1.11506
1.1149
1.11502
1.11488
1.11496
1.11496
1.28757
1.11345
1.11345
1.1154
1.1154
1.11632
1.11632
1.11534
1.11534
1.11796
1.11796
1.11686
1.11526
1.11677
1.11534
1.11382
1.11676
1.11681
1.11203
1.11524
1.11507
1.11533
1.11667
1.11639
1.11589
1.11579
1.11657
1.11587
1.11587
1.11558
1.11558
1.1167
1.11516
1.11522
1.11546
1.11927
1.11595
1.11434
1.1168
1.11458
1.1157
1.11945
1.11468
1.11559
1.11802
1.11451
1.1168
1.1168
1.11519
1.11542
1.2304
1.1128
1.11506
1.11508
1.11508
1.11785
1.11705
1.1149
1.11317
1.11945
1.11945
1.11465
1.11693
1.11618
1.11509
1.1139
1.11512
1.11726
1.11589
1.11567
1.11489
1.11622
1.11339
1.1148
1.11474
1.11325
1.11582
1.11525
1.11505
1.1166
1.11622
1.11733
1.11742
1.11164
1.2448
1.2448
1.2448
1.11354
1.1165
1.11583
1.11882
1.11612
1.11736
1.11493
1.11597
1.11708
1.11708
1.11752
1.11588
1.11552
1.11499
1.11604
1.11752
1.11389
1.1165
1.11533
1.11498
1.11492
1.11535
1.11832
1.11479
1.11448
1.11426
1.1164
1.11578
1.11515
1.11515
1.11491
1.11742
1.11645
1.11554
1.11524
1.11524
1.11546
1.25401
1.11478
1.11663
1.11216
1.11361
1.11361
1.11595
1.11595
1.11573
1.11594
1.11643
1.11779
1.1162
1.11415
1.1177
1.11592
1.11698
1.11303
1.11487
1.11726
1.11532
1.11399
1.11579
1.11705
1.11321
1.11321
1.11699
1.11444
1.11567
1.11378
1.11378
1.11613
1.11613
1.11657
1.11518
1.11727
1.11496
1.1158
1.11641
1.11481
1.11531
1.11602
1.11685
1.11312
1.11475
1.11673
1.11454
1.11685
1.11573
1.11489
1.11527
1.25134
1.11546
1.11528
1.11401
1.11618
1.11546
1.11669
1.11473
1.11617
1.11558
1.11577
1.1147
1.1167
1.1167
1.11623
1.11461
1.1159
1.1169
1.11654
1.11414
1.11609
1.11609
1.11286
1.11727
1.11727
1.11085
1.11085
1.11771
1.11551
1.11525
1.11674
1.11551
1.11715
1.11579
1.1146
1.1146
1.11526
1.11526
1.11638
1.11686
1.11686
1.11615
1.11706
1.11689
1.11529
1.11368
1.11461
1.11728
1.11903
1.11735
1.11539
1.11689
1.116
1.11588
1.11826
1.11463
1.11628
1.1167
1.1164
1.11504
1.11681
1.11532
1.11622
1.11728
1.69494
1.69494
1.69494
1.27544
1.27544
1.27544
1.11709
1.11492
1.11616
1.11541
1.11541
1.11541
1.11956
1.11569
1.1164
1.1169
1.1169
1.11424
1.11389
1.11604
1.11489
1.11762
1.11497
1.11497
1.11354
1.11434
1.1231
1.1231
1.1165
1.1165
1.11674
1.11674
1.11884
1.11702
1.11624
1.11539
1.55847
1.55847
1.55847
1.55847
1.1152
1.11684
1.11665
1.11668
1.12017
1.11581
1.11642
1.11573
1.11544
1.1155
1.1155
1.11672
1.11488
1.11747
1.11571
1.11602
1.11494
1.11623
1.11247
1.11606
1.11606
1.11955
1.11955
1.11551
1.11412
1.11511
1.11511
1.11551
1.11551
1.11697
1.11697
1.11737
1.11533
1.11329
1.11489
1.11279
1.11279
1.11596
1.11629
1.1168
1.11561
1.11546
1.11297
1.1186
1.1186
1.11788
1.11788
1.11598
1.1151
1.11604
1.11604
1.1144
1.11585
1.11838
1.11534
1.11627
1.11361
1.11509
1.11137
1.11768
1.11892
1.11595
1.1154
1.11737
1.11387
1.11714
1.1158
1.11657
1.1182
1.11356
1.11356
1.11591
1.11908
1.11908
1.11754
1.11754
1.11351
1.11762
1.11319
1.31257
1.11559
1.11755
1.11508
1.11585
1.11591
1.11564
1.12013
1.11456
1.11508
1.11783
1.11576
1.11546
1.11781
1.11851
1.12062
1.11642
1.11642
1.11456
1.11597
1.11597
1.11787
1.1169
1.1153
1.11633
1.11633
1.1145
1.11762
1.11172
1.11595
1.11595
1.11623
1.11526
1.11544
1.11601
1.11642
1.11595
1.11539
1.11395
1.11468
1.1179
1.11744
1.11616
1.11466
1.11697
1.11311
1.11311
1.11836
1.11482
1.11478
1.11664
1.11527
1.11397
1.11255
1.11891
1.11694
1.12031
1.11323
1.11671
1.1159
1.11648
1.116
1.11618
1.11683
1.11622
1.11528
1.11477
1.11541
1.11612
1.11447
1.11475
1.11538
1.11538
1.11804
1.11804
1.11558
1.11581
1.11412
1.11769
1.11478
1.11375
1.11557
1.11652
1.11724
1.11681
1.11717
1.11718
1.11679
1.11648
1.11643
1.11501
1.11639
1.11914
1.11722
1.11624
1.1158
1.18626
1.11241
1.11604
1.11458
1.11565
1.1154
1.11581
1.11466
1.1167
1.11549
1.11556
1.11556
1.11277
1.11429
1.11823
1.11558
1.11859
1.11673
1.11534
1.11405
1.1142
1.11508
1.11694
1.11597
1.11557
1.11786
1.11399
1.11601
1.11498
1.11457
1.11494
1.1151
1.11567
1.11704
1.11594
1.11499
1.11465
1.11616
1.11664
1.11397
1.11502
1.11502
1.11346
1.11394
1.11526
1.11822
1.11476
1.11586
1.11569
1.11738
1.11757
1.11537
1.11831
1.11762
1.11258
1.11597
1.11749
1.11669
1.11637
1.11442
1.11343
1.11619
1.11733
1.11748
1.11609
1.11889
1.1768
1.1147
1.11587
1.11726
1.1155
1.11659
1.11591
1.11623
1.11383
1.11553
1.11372
1.11475
1.11602
1.11848
1.11879
1.11764
1.11764
1.1156
1.1157
1.12042
1.11628
1.1153
1.1153
1.11573
1.11573
1.11478
1.11578
1.11613
1.11619
1.11568
1.11537
1.11639
1.11542
1.11553
1.1155
1.1155
1.11824
1.11634
1.11553
1.11579
1.11578
1.11703
1.11468
1.11657
1.11711
1.116
1.11473
1.11584
1.11489
1.11455
1.11551
1.11488
1.11653
1.11653
1.11285
1.11552
1.11658
1.11614
1.11614
1.11533
1.11372
1.11626
1.11881
1.1151
1.11728
1.11689
1.11629
1.11667
1.08019
1.11402
1.11399
1.11531
1.11531
1.21551
1.21551
1.11576
1.11528
1.11628
1.11511
1.11481
1.11634
1.11485
1.11632
1.11572
1.11576
1.11576
1.11595
1.11595
1.11629
1.11593
1.11769
1.11486
1.11619
1.11516
1.11342
1.11544
1.11316
1.11444
1.11558
1.11553
1.11553
1.11213
1.11668
1.11435
1.11291
1.11724
1.11519
1.11655
1.11581
1.11581
1.11514
1.11514
1.11575
1.11253
1.11503
1.11481
1.11763
1.11479
1.11401
1.11401
1.11667
1.11705
1.11337
1.11653
1.11653
1.11453
1.11632
1.11602
1.11641
1.11546
1.11474
1.11541
1.11423
1.1161
1.11551
1.11551
1.11604
1.11331
1.11558
1.11784
1.11477
1.11478
1.11944
1.11413
1.1152
1.11482
1.11558
1.11463
1.11484
1.11399
1.11343
1.11671
1.11558
1.11402
1.1166
1.11582
1.11825
1.11825
1.11603
1.24799
1.11527
1.11679
1.11629
1.11629
1.1159
1.1159
1.11674
1.11418
1.11337
1.11803
1.11803
1.11509
1.11509
1.11556
1.11509
1.11509
1.11464
1.11924
1.11638
1.11509
1.11509
1.11585
1.11585
1.11592
1.11596
1.11592
1.11724
1.11679
1.11432
1.15587
1.11818
1.11732
1.11515
1.11567
1.11693
1.11275
1.11584
1.11663
1.11663
1.11391
1.11703
1.11629
1.11462
1.11795
1.11795
1.11172
1.11548
1.11765
1.11596
1.11375
1.11148
1.11453
1.11656
1.11588
1.11588
1.11596
1.11647
1.11611
1.11679
1.11858
1.11514
1.11759
1.11605
1.11789
1.11433
1.11681
1.11443
1.11443
1.11707
1.11707
1.11449
1.11344
1.11627
1.11469
1.21945
1.21945
1.11395
1.11468
1.11507
1.11449
1.11453
1.11512
1.11512
1.11405
1.11667
1.11363
1.11525
1.11475
1.1143
1.1143
1.1143
1.11596
1.11535
1.11591
1.11593
1.11522
1.11631
1.11495
1.11667
1.11564
1.1717
1.1717
1.1717
1.1717
1.1717
1.1717
1.1717
1.44702
1.44702
1.44702
1.44702
1.44702
1.44702
1.44702
1.11653
1.11684
1.11676
1.11507
1.11429
1.11584
1.11584
1.11518
1.1163
1.11686
1.11748
1.11589
1.11545
1.11411
1.11482
1.11571
1.11497
1.11718
1.1165
1.11813
1.11619
1.11711
1.1176
1.1171
1.1162
1.11352
1.11493
1.22769
1.11918
1.11474
1.11391
1.11913
1.11674
1.11513
1.11326
1.11528
1.11707
1.11563
1.11405
1.11666
1.11508
1.11679
1.11679
1.11611
1.11644
1.11577
1.11534
1.11726
1.11571
1.11592
1.11589
1.115
1.11074
1.11413
1.11527
1.11426
1.11425
1.11768
1.11768
1.11588
1.11551
1.11457
1.11741
1.11662
1.11531
1.11265
1.11597
1.11502
1.11209
1.11508
1.11433
1.11734
1.11667
1.11516
1.1165
1.11859
1.1162
1.11664
1.11547
1.11612
1.11482
1.11517
1.11517
1.11815
1.11815
1.11601
1.11403
1.11403
1.11835
1.11516
1.1157
1.11583
1.11894
1.11619
1.11699
1.11699
1.11593
1.11593
1.11536
1.11359
1.11333
1.11545
1.1133
1.11498
1.11689
1.1155
1.11723
1.11535
1.11861
1.11754
1.11673
1.11626
1.11561
1.11818
1.11727
1.11584
1.11494
1.11601
1.11571
1.11652
1.11576
1.11576
1.11517
1.11517
1.11917
1.11549
1.11614
1.11332
1.11397
1.11609
1.11598
1.11922
1.11605
1.11547
1.11428
1.11759
1.11759
1.11433
1.11615
1.11527
1.11371
1.11632
1.1208
1.11557
1.11254
1.11677
1.11594
1.11554
1.11679
1.11621
1.11621
1.11514
1.11514
1.11507
1.11593
1.11485
1.11485
1.11575
1.11575
1.11614
1.11675
1.11481
1.11525
1.11603
1.11606
1.11552
1.11323
1.11454
1.1178
1.11532
1.11322
1.11279
1.11498
1.11486
1.11368
1.11584
1.11786
1.11304
1.11315
1.78611
1.78611
1.78611
1.70373
1.70373
1.70373
1.11683
1.11426
1.11554
1.11608
1.11581
1.11605
1.20132
1.11506
1.11057
1.11569
1.11687
1.11601
1.11674
1.11434
1.11568
1.11773
1.71978
1.71978
1.71978
1.71978
1.48657
1.48657
1.48657
1.48657
1.11336
1.11488
1.11596
1.11644
1.11524
1.1168
1.11592
1.11554
1.11565
1.11608
1.1166
1.1154
1.11704
1.11559
1.11731
1.11772
1.11568
1.11568
1.11649
1.11649
1.11431
1.11553
1.11609
1.11519
1.11714
1.32859
1.11661
1.1135
1.11371
1.11638
1.11638
1.11726
1.11438
1.1183
1.11582
1.11647
1.1125
1.11407
1.11602
1.11545
1.11654
1.11481
1.11609
1.11609
1.11581
1.11393
1.1154
1.11573
1.11591
1.1162
1.1151
1.11729
1.11624
1.11349
1.11633
1.11633
1.11571
1.11571
1.11593
1.11593
1.11365
1.11483
1.11483
1.11441
1.11737
1.11918
1.11918
1.11562
1.11704
1.11573
1.11573
1.11582
1.11582
1.11716
1.11393
1.11578
1.11685
1.11685
1.11786
1.11633
1.11561
1.11762
1.11562
1.11721
1.11658
1.11528
1.11539
1.11416
1.11596
1.11461
1.11845
1.11845
1.11478
1.11483
1.11587
1.11587
1.11575
1.11575
1.11564
1.11465
1.11576
1.116
1.11451
1.11465
1.116
1.11694
1.11552
1.11692
1.11578
1.11617
1.24383
1.11026
1.11608
1.11575
1.11702
1.11554
1.11606
1.15312
1.11629
1.11512
1.11803
1.11537
1.11832
1.11565
1.11565
1.11594
1.11594
1.11625
1.114
1.11525
1.11441
1.11432
1.11564
1.11564
1.11583
1.11642
1.11729
1.11614
1.11666
1.1152
1.11577
1.11411
1.11574
1.11585
1.11585
1.11807
1.11704
1.11618
1.11779
1.11346
1.11641
1.11804
1.11453
1.11718
1.11472
1.11643
1.11498
1.11554
1.11763
1.1167
1.11631
1.11798
1.11541
1.11764
1.11599
1.11655
1.11363
1.1133
1.13887
1.1174
1.1174
1.11422
1.11522
1.18327
1.11518
1.1138
1.1148
1.11559
1.11591
1.11297
1.11494
1.11494
1.11377
1.11741
1.1161
1.1144
1.11552
1.11747
1.11314
1.10906
1.1128
1.1128
1.11664
1.1153
1.11728
1.11672
1.11631
1.11376
1.11575
1.11582
1.11528
1.11616
1.115
1.115
1.11505
1.11514
1.11514
1.11543
1.11543
1.11717
1.11548
1.11567
1.11348
1.1153
1.11412
1.11529
1.11539
1.1163
1.11846
1.11749
1.11802
1.11405
1.1152
1.11523
1.11435
1.11845
1.1175
1.11793
1.11566
1.11586
1.1178
1.11487
1.1188
1.11513
1.11659
1.11437
1.11512
1.11886
1.11707
1.11581
1.11559
1.11621
1.11569
1.1153
1.11631
1.11517
1.11661
1.11399
1.1165
1.11587
1.11703
1.11551
1.11269
1.11807
1.11693
1.11588
1.11502
1.11624
1.11681
1.11682
1.11912
1.11607
1.11607
1.11591
1.11591
1.11512
1.20458
1.11914
1.11443
1.11556
1.11531
1.11724
1.11549
1.11576
1.11711
1.11758
1.11586
1.11586
1.11598
1.11542
1.11569
1.11416
1.1162
1.11421
1.11558
1.11657
1.1123
1.11507
1.11334
1.11479
1.11307
1.11661
1.11701
1.11542
1.11542
1.1139
1.1139
1.11884
1.11545
1.11602
1.11392
1.11361
1.11532
1.11572
1.11588
1.11807
1.11632
1.11645
1.11622
1.11622
1.11704
1.11694
1.11644
1.11546
1.11586
1.11757
1.11757
1.11858
1.11858
1.11399
1.11565
1.11542
1.11454
1.11697
1.11633
1.11528
1.11424
1.17157
1.11458
1.11458
1.11458
1.11882
1.11882
1.11882
1.11659
1.11659
1.11728
1.11728
1.11672
1.11483
1.11905
1.11657
1.11715
1.11799
1.11579
1.11638
1.11494
1.11749
1.11604
1.11886
1.11633
1.11602
1.11366
1.1167
1.11735
1.11578
1.11539
1.11493
1.1158
1.11614
1.11419
1.11779
1.11706
1.11706
1.11601
1.11601
1.11741
1.11453
1.13989
1.11793
1.11812
1.11498
1.11605
1.11623
1.11722
1.11593
1.11534
1.11809
1.11851
1.11501
1.11919
1.116
1.11901
1.11464
1.11497
1.11582
1.11446
1.11602
1.11565
1.11607
1.2718
1.11502
1.11754
1.11472
1.1163
1.11316
1.11845
1.11845
1.11614
1.11614
1.11478
1.1133
1.11453
1.11462
1.11462
1.11594
1.1162
1.11374
1.11688
1.1159
1.11597
1.11449
1.11449
1.11541
1.11541
1.11718
1.11384
1.11719
1.11719
1.1165
1.11761
1.11586
1.11579
1.11541
1.11509
1.11572
1.11341
1.11646
1.11989
1.11989
1.1179
1.11555
1.11734
1.11264
1.11638
1.11343
1.1154
1.12084
1.11674
1.11674
1.11645
1.11634
1.11613
1.11485
1.11758
1.11349
1.11546
1.11525
1.11557
1.11573
1.12001
1.12001
1.1153
1.11506
1.11431
1.11394
1.11727
1.11512
1.11512
1.11536
1.11536
1.11367
1.11655
1.11725
1.11399
1.11507
1.11466
1.11552
1.11911
1.11171
1.11589
1.11804
1.11656
1.1168
1.11479
1.1178
1.11794
1.11794
1.11899
1.11615
1.11656
1.11495
1.11633
1.11576
1.11717
1.11905
1.11563
1.11563
1.11534
1.11658
1.1157
1.11359
1.11558
1.11514
1.11514
1.11862
1.1156
1.11376
1.11593
1.11547
1.11405
1.11405
1.1158
1.11994
1.11453
1.11589
1.11713
1.1156
1.11252
1.11718
1.11544
1.11222
1.11431
1.11927
1.11573
1.11715
1.11585
1.11579
1.11205
1.11493
1.1128
1.11585
1.11766
1.11607
1.11348
1.11876
1.11876
1.11897
1.11649
1.11649
1.1155
1.11243
1.11745
1.11379
1.11326
1.11566
1.11569
1.11411
1.11575
1.1163
1.11686
1.11643
1.1202
1.11614
1.11378
1.11558
1.11417
1.11877
1.11595
1.1157
1.114
1.11652
1.11427
1.17978
1.118
1.11504
1.11512
1.11518
1.116
1.11437
1.11539
1.11543
1.11715
1.11623
1.11677
1.11677
1.11568
1.11568
1.11549
1.116
1.11574
1.11506
1.11579
1.11446
1.11523
1.11491
1.11491
1.11617
1.11617
1.11417
1.11564
1.11546
1.11121
1.11405
1.11425
1.11634
1.11637
1.11485
1.11485
1.11523
1.11523
1.11513
1.1156
1.11541
1.11602
1.11479
1.11692
1.11637
1.11502
1.11576
1.11396
1.11396
1.11597
1.11458
1.11611
1.11608
1.11414
1.11611
1.11541
1.11384
1.116
1.11748
1.11748
1.11196
1.11435
1.11611
1.11286
1.11631
1.11732
1.11589
1.11548
1.11548
1.1161
1.11775
1.11632
1.11477
1.11359
1.11544
1.11509
1.11622
1.11568
1.1155
1.11564
1.11458
1.11551
1.11846
1.11674
1.11667
1.11524
1.11584
1.1151
1.11508
1.11502
1.11557
1.11581
1.11346
1.1163
1.1131
1.11373
1.43813
1.43813
1.43813
1.30175
1.30175
1.30175
1.11314
1.11641
1.11682
1.11528
1.11386
1.11651
1.11867
1.1148
1.11377
1.11416
1.1178
1.11552
1.11566
1.11675
1.1159
1.11584
1.11584
1.1156
1.11766
1.1153
1.1153
1.11247
1.11594
1.11702
1.11629
1.11629
1.11273
1.11541
1.11567
1.11294
1.11672
1.11492
1.11929
1.11803
1.11632
1.11852
1.11448
1.11519
1.11332
1.11711
1.10979
1.11556
1.11556
1.11603
1.11531
1.11685
1.11283
1.11577
1.11702
1.11464
1.11838
1.11813
1.11384
1.11431
1.11516
1.11611
1.11611
1.11593
1.11593
1.12004
1.11416
1.11611
1.12159
1.11607
1.11567
1.11582
1.11622
1.11202
1.11935
1.11589
1.11684
1.11455
1.1148
1.11312
1.11611
1.11509
1.11596
1.63991
1.63991
1.63991
1.73947
1.73947
1.73947
1.11561
1.11652
1.11642
1.11774
1.11559
1.11632
1.11629
1.11588
1.11541
1.11663
1.1158
1.11601
1.11555
1.11563
1.3902
1.3902
1.11679
1.1171
1.11502
1.11394
1.11364
1.11377
1.11478
1.11703
1.11613
1.11963
1.11518
1.11769
1.11558
1.11663
1.11314
1.11687
1.1158
1.11549
1.11476
1.11476
1.11476
1.11626
1.1165
1.11544
1.11543
1.11672
1.11949
1.11465
1.11545
1.11662
1.11433
1.11182
1.11482
1.11498
1.116
1.11722
1.11683
1.11459
1.1152
1.11548
1.11386
1.11473
1.1159
1.34876
1.11696
1.25893
1.11443
1.11447
1.11559
1.11427
1.11644
1.19529
1.19529
1.19529
1.26832
1.26832
1.26832
1.12005
1.11721
1.11609
1.11936
1.12056
1.11773
1.11648
1.11488
1.11607
1.1165
1.1165
1.1171
1.1171
1.11653
1.11522
1.11528
1.11314
1.11652
1.11578
1.11588
1.1134
1.11456
1.11456
1.1163
1.11497
1.11551
1.11495
1.11495
1.11656
1.3204
1.11534
1.11534
1.11554
1.42427
1.42427
1.42427
1.42427
1.42427
1.42427
1.42427
1.42427
1.42427
1.11187
1.11266
1.11469
1.11697
1.1184
1.11642
1.11437
1.11439
1.11936
1.11567
1.11521
1.11595
1.11717
1.11557
1.11608
1.11395
1.11584
1.116
1.11406
1.11539
1.1157
1.19734
1.1186
1.11797
1.11574
1.11574
1.11574
1.1165
1.11642
1.11748
1.11425
1.11696
1.11474
1.11616
1.11425
1.11481
1.11655
1.11457
1.11615
1.11532
1.1158
1.11479
1.11664
1.11437
1.11621
1.11595
1.11621
1.11616
1.11496
1.11798
1.1142
1.27189
1.27189
1.27189
1.11575
1.12054
1.11458
1.11659
1.11269
1.11515
1.11571
1.11623
1.11272
1.11692
1.11781
1.11643
1.11643
1.11594
1.11594
1.11487
1.11618
1.11419
1.11636
1.11298
1.11298
1.11298
1.11646
1.11709
1.11519
1.11723
1.11481
1.11333
1.11431
1.11423
1.11346
1.11493
1.11545
1.11488
1.11673
1.11448
1.11435
1.11653
1.11654
1.11417
1.11621
1.11521
1.11529
1.1171
1.1152
1.11728
1.11577
1.11496
1.11817
1.11477
1.11549
1.11613
1.11601
1.1167
1.11778
1.11619
1.11598
1.11287
1.11706
1.11488
1.11539
1.11624
1.13379
1.11886
1.11635
1.11577
1.11577
1.1185
1.11647
1.11741
1.11264
1.11693
1.11576
1.11512
1.11729
1.11413
1.11444
1.11701
1.11429
1.11513
1.11513
1.11517
1.11517
1.11523
1.11478
1.11662
1.11662
1.11662
1.11644
1.11644
1.11644
1.1166
1.11434
1.11434
1.11788
1.11788
1.11744
1.11561
1.11608
1.11468
1.1118
1.1164
1.11442
1.11345
1.11556
1.11369
1.11622
1.11647
1.11445
1.11289
1.11584
1.11425
1.11515
1.11594
1.11456
1.11731
1.11621
1.11647
1.11556
1.11485
1.11596
1.11504
1.11513
1.1169
1.1158
1.11972
1.11594
1.11429
1.11545
1.11511
1.11688
1.11457
1.1159
1.11588
1.11785
1.1134
1.11605
1.11567
1.11592
1.11602
1.11451
1.11489
1.11603
1.118
1.11424
1.11771
1.11512
1.11457
1.11552
1.11427
1.11711
1.11529
1.11734
1.11605
1.11646
1.11751
1.11428
1.11428
1.11613
1.1165
1.113
1.11532
1.11542
1.11565
1.11521
1.11636
1.11638
1.11607
1.11645
1.11825
1.11825
1.11513
1.11513
1.11578
1.11578
1.11532
1.11738
1.11616
1.11619
1.11619
1.11798
1.11309
1.11436
1.11694
1.11399
1.115
1.11564
1.11602
1.11663
1.11462
1.11656
1.11656
1.11484
1.11133
1.11636
1.11636
1.11461
1.11568
1.11646
1.11428
1.11447
1.1147
1.18502
1.11515
1.11477
1.11582
1.11347
1.11659
1.11054
1.11234
1.11593
1.1168
1.11449
1.1161
1.11431
1.11778
1.11957
1.11559
1.11838
1.11741
1.22443
1.11584
1.11708
1.11538
1.11538
1.11563
1.11392
1.11594
1.11495
1.11383
1.31863
1.11552
1.11542
1.11542
1.11413
1.11664
1.11664
1.11526
1.11678
1.11321
1.11515
1.11766
1.115
1.11695
1.11334
1.11657
1.11425
1.11549
1.11425
1.11434
1.11341
1.11836
1.11623
1.11578
1.11458
1.11458
1.11835
1.11418
1.11472
1.11476
1.11601
1.11827
1.11827
1.11367
1.11548
1.11496
1.11496
1.11647
1.11647
1.11811
1.11585
1.13432
1.11669
1.11555
1.12012
1.11769
1.11601
1.11673
1.11533
1.11289
1.11409
1.28846
1.11585
1.11331
1.11582
1.11582
1.11635
1.117
1.11569
1.1123
1.11513
1.11534
1.1149
1.11586
1.1183
1.11612
1.11746
1.11746
1.11391
1.11514
1.11607
1.11627
1.11627
1.11528
1.11528
1.1157
1.1157
1.11553
1.1153
1.11805
1.11627
1.11497
1.11336
1.11478
1.11771
1.11427
1.11427
1.11449
1.11809
1.11288
1.11634
1.11689
1.11335
1.11819
1.11348
1.11687
1.08946
1.08946
1.1148
1.11663
1.11527
1.11569
1.11662
1.11587
1.11479
1.11494
1.11517
1.1148
1.11649
1.11541
1.11725
1.11572
1.11507
1.11631
1.11615
1.11615
1.11624
1.11624
1.11399
1.11587
1.11858
1.11575
1.10991
1.11643
1.1143
1.11576
1.11576
1.11553
1.21463
1.11583
1.11402
1.11568
1.11477
1.14215
1.11843
1.1167
1.11692
1.1174
1.11738
1.11467
1.14276
1.14276
1.14276
1.17252
1.17252
1.17252
1.11671
1.11619
1.11651
1.11566
1.11714
1.11713
1.11403
1.11584
1.11957
1.11652
1.11698
1.11525
1.11765
1.11765
1.11476
1.11476
1.11577
1.11683
1.11477
1.11418
1.11453
1.11568
1.11333
1.11333
1.11564
1.11427
1.11831
1.11293
1.11691
1.11623
1.11605
1.11484
1.11814
1.11789
1.11789
1.11669
1.11345
1.11956
1.11392
1.11664
1.11352
1.11747
1.11604
1.11766
1.11513
1.11528
1.11528
1.11471
1.11763
1.11427
1.11646
1.11646
1.11564
1.11416
1.11422
1.11533
1.11707
1.11564
1.11425
1.11601
1.11601
1.1153
1.1153
1.11172
1.1175
1.11864
1.11951
1.11623
1.11571
1.11569
1.11758
1.11129
1.11525
1.11481
1.11465
1.11696
1.11696
1.117
1.11372
1.1149
1.11313
1.11596
1.1146
1.11644
1.11584
1.11238
1.11658
1.11432
1.11639
1.11544
1.11506
1.11506
1.11815
1.11815
1.11607
1.11607
1.11761
1.11898
1.11516
1.115
1.11629
1.11483
1.18415
1.18415
1.18415
1.18415
1.11684
1.22081
1.22081
1.22081
1.22081
1.20666
1.20666
1.20666
1.20666
1.11628
1.1171
1.11622
1.11792
1.11565
1.11441
1.1151
1.11368
1.11538
1.11538
1.11566
1.11599
1.11599
1.1156
1.1156
1.11263
1.11405
1.12014
1.12014
1.11629
1.1142
1.11626
1.1151
1.11529
1.11727
1.11463
1.25025
1.25025
1.25025
1.42758
1.42758
1.42758
1.11294
1.11416
1.15571
1.15571
1.11455
1.11455
1.11657
1.11607
1.11642
1.11484
1.11591
1.11574
1.11552
1.11599
1.11599
1.11337
1.11337
1.11405
1.11622
1.11768
1.11611
1.11528
1.11495
1.11407
1.1161
1.11711
1.11681
1.11664
1.11812
1.11437
1.1148
1.11429
1.11852
1.11522
1.11497
1.11497
1.11522
1.11576
1.11792
1.11624
1.11579
1.11478
1.11573
1.11651
1.1169
1.11357
1.11476
1.11627
1.11596
1.11562
1.11759
1.11521
1.11511
1.11373
1.11554
1.11554
1.11554
1.11543
1.11543
1.11543
1.11573
1.11573
1.11573
1.11399
1.1171
1.1171
1.11663
1.11663
1.11517
1.11472
1.11554
1.11451
1.11786
1.11608
1.11556
1.11685
1.50879
1.50879
1.50879
1.50879
1.21201
1.21201
1.21201
1.21201
1.1159
1.1181
1.11366
1.11648
1.11648
1.1604
1.1149
1.11561
1.11432
1.11618
1.11618
1.11455
1.11907
1.1151
1.11715
1.11715
1.11485
1.11485
1.114
1.114
1.11749
1.11538
1.11277
1.11627
1.11604
1.11569
1.11591
1.11474
1.11494
1.11214
1.1129
1.11202
1.11416
1.11568
1.118
1.11256
1.1156
1.11434
1.11434
1.11598
1.11495
1.11535
1.11509
1.11689
1.11577
1.11508
1.11564
1.11619
1.11706
1.11393
1.11573
1.11526
1.1192
1.11651
1.11601
1.11517
1.11599
1.11808
1.11711
1.11711
1.11398
1.11398
1.11468
1.11535
1.11601
1.11622
1.11659
1.11678
1.11652
1.11444
1.11569
1.11729
1.11729
1.11452
1.11695
1.11707
1.11707
1.11627
1.11627
1.11342
1.11554
1.11476
1.11563
1.11542
1.11732
1.11836
1.11556
1.11719
1.11623
1.11402
1.11741
1.11667
1.11544
1.11492
1.11492
1.11622
1.11622
1.11747
1.11873
1.11873
1.1171
1.1171
1.11576
1.11658
1.11536
1.11572
1.11438
1.11369
1.1158
1.1158
1.11645
1.11542
1.1156
1.11506
1.11803
1.11803
1.11675
1.11687
1.11508
1.11538
1.11637
1.11573
1.11732
1.11414
1.11525
1.11752
1.11504
1.11647
1.11553
1.11259
1.11607
1.11427
1.11517
1.1144
1.11465
1.11518
1.11629
1.1136
1.11809
1.11578
1.11646
1.11646
1.11745
1.1153
1.11511
1.11544
1.114
1.11452
1.11452
1.11305
1.11695
1.11445
1.11445
1.11864
1.11748
1.11624
1.11634
1.11722
1.11722
1.11586
1.11608
1.11611
1.11525
1.11493
1.11508
1.11404
1.11585
1.11389
1.11523
1.11389
1.11587
1.11648
1.11682
1.11593
1.11715
1.1163
1.11244
1.11709
1.11709
1.11464
1.11666
1.11666
1.11528
1.11769
1.11652
1.11389
1.11713
1.11573
1.11573
1.11686
1.11382
1.11483
1.11624
1.32219
1.11396
1.11695
1.11919
1.11561
1.11561
1.11688
1.11476
1.11476
1.1149
1.1149
1.11664
1.11664
1.11798
1.11798
1.11637
1.11641
1.11704
1.11524
1.11359
1.11457
1.11403
1.11505
1.11514
1.11409
1.11616
1.11616
1.11616
1.11746
1.11746
1.11746
1.11745
1.11739
1.11739
1.11527
1.11527
1.11554
1.11453
1.11577
1.11657
1.11937
1.11273
1.11569
1.11569
1.11902
1.11631
1.11761
1.11784
1.11627
1.11641
1.11469
1.11469
1.11516
1.11516
1.11773
1.11985
1.11696
1.11732
1.11502
1.11589
1.11582
1.11971
1.11474
1.11351
1.1157
1.11381
1.1175
1.11556
1.11742
1.11654
1.11549
1.11571
1.11555
1.11474
1.11267
1.11623
1.11442
1.11563
1.11563
1.11667
1.11644
1.11595
1.11561
1.11388
1.11626
1.11542
1.11644
1.11469
1.11557
1.11304
1.11304
1.12922
1.11736
1.11669
1.11592
1.11565
1.1165
1.11658
1.11671
1.11734
1.11984
1.11417
1.11547
1.11488
1.11573
1.11401
1.11574
1.1178
1.11628
1.11122
1.11504
1.11675
1.11497
1.11549
1.11607
1.11442
1.11563
1.11583
1.11326
1.11621
1.11551
1.11555
1.11376
1.11365
1.11704
1.11596
1.11488
1.11582
1.11728
1.11477
1.11598
1.11626
1.11626
1.11164
1.11515
1.11624
1.11625
1.11503
1.11425
1.11529
1.11511
1.11862
1.11585
1.11627
1.11665
1.11665
1.11561
1.11561
1.11479
1.1147
1.1158
1.11752
1.11434
1.27316
1.11527
1.11399
1.11856
1.116
1.11374
1.11474
1.11395
1.1161
1.11309
1.11588
1.11588
1.11664
1.1148
1.11351
1.11523
1.11285
1.11369
1.11551
1.11781
1.11426
1.11211
1.11325
1.11566
1.11565
1.11563
1.11316
1.11671
1.11492
1.11528
1.11681
1.11592
1.11681
1.11465
1.11465
1.116
1.11625
1.1117
1.11544
1.11569
1.11654
1.11455
1.11569
1.11569
1.1164
1.11759
1.11587
1.11505
1.11451
1.11349
1.11427
1.11607
1.11504
1.11435
1.11435
1.11565
1.11565
1.11695
1.116
1.11581
1.11581
1.11556
1.11913
1.11529
1.11679
1.1152
1.11694
1.11561
1.14669
1.11728
1.11557
1.11528
1.11528
1.11469
1.11556
1.1139
1.11519
1.11297
1.11487
1.11617
1.11538
1.11522
1.11622
1.11717
1.11874
1.11483
1.11483
1.11549
1.11549
1.11517
1.11468
1.11223
1.11568
1.11505
1.11627
1.11679
1.11679
1.11911
1.11427
1.11729
1.11636
1.11846
1.11418
1.11569
1.11342
1.11636
1.11636
1.11355
1.11355
1.1156
1.21292
1.11383
1.11782
1.11796
1.11573
1.11608
1.1168
1.11508
1.11449
1.11494
1.11587
1.11501
1.11658
1.11569
1.11618
1.11712
1.11712
1.11776
1.11473
1.11682
1.11544
1.11417
1.11417
1.11645
1.1161
1.1155
1.11398
1.11853
1.11619
1.11715
1.11468
1.11722
1.1142
1.1213
1.1213
1.11382
1.11357
1.11473
1.11473
1.1158
1.1158
1.1171
1.11488
1.11408
1.11408
1.11673
1.1157
1.11576
1.11703
1.11508
1.11512
1.11579
1.11731
1.11467
1.11611
1.11434
1.11655
1.11721
1.1171
1.1174
1.11462
1.11621
1.11621
1.13277
1.11692
1.11631
1.11631
1.11463
1.11463
1.11805
1.10954
1.11737
1.11633
1.11812
1.11611
1.11611
1.11623
1.11623
1.11933
1.11466
1.11456
1.11737
1.11537
1.11664
1.11589
1.11689
1.11761
1.1142
1.11398
1.1139
1.11695
1.11358
1.11697
1.11473
1.11465
1.1147
1.11442
1.11688
1.11662
1.11663
1.11521
1.1138
1.11785
1.11439
1.11599
1.11722
1.1148
1.11522
1.39137
1.39137
1.39137
1.39137
1.63258
1.63258
1.63258
1.63258
1.11668
1.11532
1.11609
1.11523
1.11741
1.11569
1.11563
1.11435
1.11577
1.11488
1.11562
1.11727
1.11329
1.11814
1.11468
1.11468
1.11481
1.11481
1.11488
1.11434
1.11409
1.11584
1.11562
1.1167
1.11772
1.1169
1.11456
1.11565
1.11535
1.1161
1.11534
1.11534
1.1155
1.1155
1.11461
1.11248
1.11498
1.11498
1.11186
1.11645
1.11587
1.11638
1.11408
1.11447
1.1172
1.11661
1.12065
1.11748
1.11748
1.11737
1.11737
1.11478
1.11618
1.11529
1.11409
1.11409
1.11838
1.11838
1.1155
1.1155
1.11838
1.11867
1.11658
1.11732
1.11732
1.11943
1.11369
1.11516
1.11838
1.11596
1.11647
1.11647
1.11694
1.11694
1.1136
1.11891
1.1143
1.11451
1.11608
1.11733
1.11733
1.11687
1.11687
1.11398
1.11553
1.11759
1.11618
1.11475
1.11443
1.11555
1.11221
1.1157
1.1157
1.1182
1.11165
1.11573
1.11405
1.11502
1.42337
1.11445
1.11667
1.11555
1.11414
1.11719
1.11552
1.1131
1.11632
1.12114
1.11537
1.11482
1.11721
1.11515
1.39374
1.39374
1.39374
1.39374
1.57674
1.57674
1.57674
1.57674
1.11716
1.11588
1.11612
1.1162
1.11521
1.11374
1.11374
1.11746
1.11499
1.11721
1.11581
1.11646
1.11646
1.11646
1.11761
1.11664
1.11546
1.11546
1.11436
1.11509
1.11509
1.11509
1.11638
1.11531
1.11692
1.11262
1.11262
1.11386
1.11596
1.11588
1.11812
1.11456
1.11316
1.11614
1.11701
1.11848
1.11848
1.11649
1.11649
1.11232
1.11779
1.11546
1.11442
1.11676
1.11798
1.11363
1.11564
1.11944
1.11592
1.1173
1.11548
1.11548
1.11493
1.11475
1.11814
1.11814
1.1153
1.11293
1.11504
1.11517
1.11595
1.11559
1.11526
1.11526
1.11557
1.11699
1.12136
1.11617
1.11578
1.1157
1.11516
1.11435
1.11646
1.11788
1.11629
1.11663
1.11414
1.11644
1.11641
1.11427
1.11519
1.11692
1.11653
1.11653
1.11342
1.11588
1.1152
1.11478
1.11775
1.11611
1.11541
1.11691
1.11536
1.1186
1.11855
1.11633
1.11805
1.11623
1.11507
1.11527
1.1182
1.11571
1.11793
1.11563
1.11496
1.11928
1.115
1.11555
1.11752
1.11614
1.11689
1.11442
1.11765
1.11546
1.11414
1.11402
1.11387
1.11774
1.1174
1.1174
1.11613
1.11613
1.11755
1.11652
1.11582
1.11582
1.11619
1.11357
1.11505
1.11505
1.11317
1.11568
1.11665
1.11525
1.11503
1.11564
1.1148
1.11674
1.11847
1.1175
1.11454
1.11705
1.1164
1.1164
1.11497
1.11358
1.11472
1.11517
1.11594
1.11274
1.1136
1.11555
1.11668
1.11753
1.11445
1.11573
1.11137
1.115
1.11658
1.11514
1.11514
1.11437
1.11437
1.11701
1.11453
1.11545
1.11545
1.11513
1.11244
1.11564
1.16515
1.11635
1.11549
1.11549
1.11551
1.11551
1.11487
1.11487
1.11685
1.11685
1.11575
1.18112
1.11628
1.11194
1.11519
1.294
1.11553
1.11528
1.11468
1.11623
1.1156
1.11893
1.11566
1.11566
1.11565
1.11565
1.11675
1.11675
1.11561
1.11576
1.1161
1.11578
1.11548
1.11536
1.12048
1.11442
1.11591
1.11507
1.11465
1.11611
1.11568
1.11561
1.11636
1.11475
1.11659
1.11592
1.11592
1.11603
1.11603
1.11514
1.11777
1.11732
1.11502
1.11465
1.113
1.11842
1.11519
1.116
1.11626
1.11588
1.11581
1.08913
1.1173
1.1153
1.1153
1.11504
1.11678
1.11678
1.11417
1.11339
1.11705
1.11469
1.1186
1.1186
1.11598
1.11725
1.11583
1.1155
1.11688
1.33454
1.11584
1.11623
1.11315
1.11375
1.11543
1.11717
1.11637
1.11303
1.11458
1.11458
1.11802
1.11802
1.11537
1.1161
1.11556
1.11546
1.12143
1.11412
1.11622
1.11445
1.11459
1.11746
1.11449
1.116
1.11608
1.11622
1.11529
1.1166
1.1146
1.11554
1.11495
1.11509
1.11507
1.11453
1.11665
1.11584
1.11444
1.11436
1.11544
1.11589
1.11589
1.1166
1.11701
1.11447
1.11851
1.11625
1.11423
1.11583
1.11565
1.11535
1.1155
1.1147
1.11602
1.1159
1.11558
1.11621
1.1161
1.11424
1.11592
1.11583
1.11421
1.11641
1.11377
1.11377
1.11762
1.11411
1.11477
1.11487
1.11577
1.11611
1.46444
1.11735
1.1164
1.11342
1.11612
1.11147
1.11147
1.11548
1.11706
1.11347
1.11539
1.11546
1.11684
1.281
1.281
1.11556
1.1159
1.117
1.11536
1.11536
1.11473
1.11473
1.11774
1.1155
1.11567
1.11149
1.11501
1.11635
1.11595
1.11595
1.11706
1.11706
1.11465
1.11721
1.11568
1.11863
1.11895
1.11632
1.11732
1.11527
1.11527
1.11383
1.11604
1.11393
1.11442
1.11589
1.11342
1.11691
1.11206
1.11608
1.11671
1.11534
1.11732
1.11537
1.11454
1.11584
1.11887
1.11764
1.11359
1.1164
1.11596
1.11571
1.11504
1.11679
1.11447
1.11553
1.11653
1.11653
1.11961
1.11633
1.11563
1.11742
1.11663
1.11548
1.11644
1.11621
1.11608
1.11515
1.11406
1.1145
1.11673
1.11105
1.1153
1.1153
1.1153
1.11556
1.11601
1.11557
1.11469
1.11469
1.11518
1.11518
1.1137
1.11735
1.11622
1.11736
1.11845
1.11507
1.11638
1.11543
1.11655
1.11555
1.16879
1.16879
1.16879
1.16879
1.16879
1.16879
1.16879
1.16879
1.16879
1.16879
1.24717
1.24717
1.24717
1.24717
1.24717
1.24717
1.24717
1.24717
1.24717
1.24717
1.499
1.499
1.499
1.499
1.499
1.499
1.499
1.499
1.499
1.499
1.26075
1.26075
1.26075
1.26075
1.26075
1.26075
1.26075
1.26075
1.26075
1.26075
1.11699
1.11775
1.11627
1.11532
1.11679
1.1174
1.1174
1.1154
1.1154
1.11533
1.1156
1.11311
1.11401
1.114
1.114
1.11813
1.11703
1.11549
1.11549
1.11634
1.11612
1.11421
1.11554
1.11479
1.1155
1.11507
1.117
1.11582
1.11741
1.11557
1.11702
1.11769
1.11656
1.11845
1.11329
1.11494
1.11482
1.11677
1.11512
1.11572
1.11439
1.1161
1.11346
1.11474
1.11508
1.11322
1.11322
1.11214
1.11808
1.11646
1.11502
1.11426
1.11545
1.11675
1.11602
1.11608
1.11518
1.1143
1.11613
1.11635
1.1176
1.11532
1.11532
1.117
1.117
1.11588
1.11461
1.11493
1.15787
1.11673
1.11725
1.11265
1.11375
1.1144
1.12036
1.11436
1.115
1.11497
1.11331
1.11525
1.11525
1.11603
1.11674
1.11674
1.11674
1.11459
1.19469
1.19469
1.27188
1.27188
1.1175
1.11277
1.11602
1.11827
1.11661
1.11565
1.11528
1.11529
1.1202
1.1149
1.11619
1.11748
1.11516
1.11621
1.11543
1.11543
1.11644
1.11644
1.11644
1.11505
1.28473
1.11607
1.11555
1.11743
1.11561
1.11701
1.11414
1.11621
1.11692
1.11826
1.11507
1.11507
1.11527
1.1142
1.11518
1.11496
1.11799
1.11389
1.11616
1.11585
1.11634
1.11561
1.11481
1.11481
1.11612
1.11612
1.11601
1.11789
1.11505
1.11549
1.11774
1.11747
1.11747
1.11676
1.11676
1.11607
1.11874
1.11358
1.11573
1.11563
1.11921
1.11398
1.11503
1.11853
1.11387
1.11464
1.11721
1.11505
1.11536
1.11536
1.11623
1.11673
1.11623
1.11554
1.1161
1.11586
1.11544
1.11485
1.11478
1.11478
1.1158
1.11684
1.11545
1.11569
1.11464
1.1152
1.11304
1.11616
1.11446
1.11467
1.11499
1.1172
1.11555
1.11545
1.11784
1.11587
1.11501
1.11623
1.11608
1.11451
1.11407
1.11747
1.11193
1.11726
1.11726
1.11726
1.11396
1.11356
1.11634
1.11545
1.11703
1.11549
1.11518
1.11806
1.11674
1.11609
1.11683
1.11597
1.11355
1.11529
1.117
1.11488
1.1164
1.11736
1.11545
1.11488
1.17291
1.11442
1.11776
1.11608
1.11506
1.11506
1.11715
1.11569
1.11566
1.11672
1.11672
1.11829
1.11605
1.11493
1.11555
1.11555
1.11344
1.11344
1.11444
1.11777
1.11485
1.11519
1.11577
1.10053
1.11593
1.11494
1.11478
1.11736
1.11727
1.11554
1.1165
1.11509
1.11694
1.1165
1.11769
1.11559
1.11559
1.11752
1.11453
1.11268
1.11669
1.11652
1.11855
1.1164
1.11231
1.12147
1.11331
1.11496
1.11638
1.11638
1.1162
1.11729
1.11594
1.11675
1.11623
1.11203
1.11441
1.11441
1.11787
1.11787
1.11491
1.11718
1.11504
1.11684
1.11684
1.1178
1.1147
1.11466
1.11295
1.11701
1.11674
1.11674
1.11562
1.11562
1.11406
1.1174
1.20922
1.11657
1.11587
1.11585
1.11551
1.1158
1.11702
1.11647
1.11592
1.11467
1.11871
1.11693
1.11605
1.11605
1.11547
1.11547
1.11601
1.11667
1.1129
1.1181
1.11586
1.1145
1.11839
1.11501
1.11578
1.81058
1.11718
1.1154
1.115
1.11636
1.11421
1.11678
1.11678
1.11559
1.11559
1.11516
1.11673
1.11606
1.11599
1.11446
1.11446
1.11679
1.11679
1.1149
1.1187
1.11557
1.11713
1.11556
1.11812
1.11549
1.11669
1.11425
1.11736
1.11872
1.11502
1.11502
1.116
1.116
1.11857
1.11865
1.11577
1.11898
1.11785
1.11632
1.11545
1.11501
1.11837
1.11601
1.1159
1.11558
1.11625
1.11736
1.11527
1.11517
1.11452
1.11545
1.11632
1.11348
1.11808
1.13519
1.11693
1.11785
1.11532
1.11571
1.11425
1.11552
1.11552
1.11725
1.1147
1.11613
1.11511
1.114
1.11775
1.11775
1.11822
1.11672
1.11584
1.11434
1.11434
1.11644
1.11676
1.11772
1.11501
1.11673
1.11558
1.11558
1.11504
1.11683
1.11362
1.11603
1.23809
1.11473
1.11778
1.11602
1.11749
1.11604
1.11596
1.11751
1.11629
1.11448
1.11556
1.63704
1.63704
1.63704
1.27121
1.27121
1.27121
1.11622
1.11844
1.11744
1.11529
1.11458
1.11774
1.11531
1.11754
1.11611
1.11556
1.11572
1.11636
1.11636
1.11556
1.11556
1.11364
1.11638
1.11495
1.11765
1.11765
1.11557
1.11589
1.11366
1.11546
1.11336
1.11336
1.1151
1.11495
1.11437
1.11342
1.1155
1.11538
1.11585
1.11574
1.11559
1.11563
1.11634
1.11547
1.11686
1.11328
1.11554
1.11641
1.11641
1.11623
1.11497
1.11288
1.1156
1.11248
1.11596
1.11588
1.11588
1.11543
1.11637
1.11492
1.11591
1.11691
1.11663
1.11663
1.116
1.116
1.11635
1.11452
1.11445
1.1177
1.11728
1.1192
1.11744
1.11744
1.1151
1.11494
1.11452
1.11789
1.11147
1.11489
1.11651
1.1159
1.11594
1.11594
1.11711
1.11415
1.11415
1.11472
1.11472
1.11431
1.11729
1.11729
1.11746
1.11457
1.11705
1.114
1.11533
1.11594
1.11565
1.1159
1.18238
1.11525
1.11582
1.11671
1.11671
1.11448
1.11448
1.11704
1.11783
1.11495
1.11556
1.11556
1.11555
1.11625
1.11555
1.11706
1.11518
1.11539
1.11577
1.11916
1.12537
1.11423
1.11598
1.1184
1.1184
1.11399
1.11399
1.11655
1.11571
1.11325
1.11474
1.11637
1.11384
1.11638
1.11539
1.1155
1.11882
1.11608
1.11716
1.11438
1.11518
1.11424
1.11788
1.11508
1.11702
1.1133
1.11716
1.11431
1.11368
1.11409
1.11498
1.11524
1.11572
1.11638
1.1157
1.11734
1.28933
1.11336
1.11224
1.11473
1.11581
1.11526
1.1153
1.11729
1.11993
1.11722
1.11457
1.11489
1.11509
1.11586
1.11609
1.11609
1.1155
1.1155
1.11232
1.11517
1.11545
1.11545
1.11411
1.11482
1.1149
1.11593
1.11237
1.11377
1.1149
1.11497
1.11569
1.11535
1.11663
1.11657
1.11317
1.11598
1.11675
1.11455
1.11643
1.11663
1.11432
1.1138
1.11533
1.11555
1.11487
1.1169
1.11313
1.11374
1.11509
1.11768
1.11774
1.11631
1.11725
1.11672
1.1142
1.11666
1.11578
1.11539
1.1139
1.11396
1.11349
1.11406
1.11603
1.11561
1.11586
1.1173
1.11583
1.11506
1.11529
1.11515
1.11644
1.11676
1.1182
1.11581
1.11629
1.11785
1.11495
1.11524
1.11218
1.11619
1.11328
1.11755
1.11597
1.1161
1.1175
1.11485
1.11464
1.11515
1.11604
1.11655
1.11645
1.11734
1.1153
1.11594
1.11585
1.11585
1.11587
1.11587
1.11565
1.11675
1.11794
1.11721
1.11641
1.11505
1.11505
1.11524
1.11488
1.11453
1.11708
1.1179
1.11483
1.11513
1.11411
1.11546
1.11546
1.11635
1.11635
1.11457
1.1168
1.11542
1.11542
1.114
1.114
1.11782
1.11668
1.11669
1.11435
1.1151
1.11221
1.11598
1.11486
1.11486
1.11579
1.11579
1.11803
1.11309
1.11548
1.11625
1.1165
1.11584
1.11692
1.11876
1.11606
1.11526
1.1143
1.11596
1.11872
1.11476
1.11558
1.11835
1.11768
1.11747
1.11486
1.11646
1.11407
1.11349
1.11534
1.11622
1.11642
1.11642
1.11403
1.11665
1.11422
1.11695
1.5001
1.11478
1.11692
1.11351
1.11363
1.11464
1.11519
1.11552
1.11765
1.11548
1.11548
1.11686
1.11547
1.11457
1.11362
1.11629
1.11408
1.11638
1.1155
1.11662
1.11582
1.11539
1.11727
1.11639
1.11689
1.11584
1.1137
1.1157
1.11343
1.11639
1.1123
1.1159
1.11549
1.1157
1.1146
1.11582
1.11737
1.11737
1.1153
1.1153
1.11551
1.11775
1.11936
1.11936
1.11575
1.12039
1.11732
1.11459
1.11512
1.11512
1.11647
1.42134
1.11395
1.11507
1.11867
1.11867
1.11548
2.07262
2.07262
1.24652
1.24652
1.11366
1.11924
1.11562
1.11606
1.11511
1.11511
1.11532
1.11583
1.11534
1.11568
1.11397
1.11589
1.11536
1.11576
1.11509
1.11504
1.11404
1.11404
1.11548
1.11591
1.11467
1.1152
1.11506
1.11649
1.11618
1.1165
1.11525
1.11379
1.11533
1.11701
1.11674
1.11573
1.11464
1.11698
1.11536
1.11594
1.11541
1.11263
1.11904
1.11589
1.11204
1.11644
1.11505
1.11593
1.11677
1.11677
1.11574
1.11574
1.1142
1.1142
1.11425
1.11509
1.11612
1.1159
1.11514
1.1163
1.11458
1.11653
1.11797
1.11313
1.11724
1.11341
1.11341
1.1158
1.11672
1.11586
1.11644
1.11609
1.11794
1.11749
1.11505
1.11274
1.29483
1.29483
1.29483
1.25369
1.25369
1.25369
1.11827
1.11315
1.11651
1.11456
1.11188
1.11583
1.11564
1.11325
1.11546
1.11726
1.11726
1.11424
1.11701
1.11633
1.11577
1.11667
1.11667
1.11597
1.11597
1.11526
1.11771
1.11372
1.11566
1.11651
1.11638
1.1141
1.114
1.114
1.11593
1.1156
1.11625
1.1165
1.11663
1.1164
1.11374
1.11489
1.11333
1.11638
1.11381
1.11812
1.11812
1.11579
1.11791
1.11542
1.12057
1.11423
1.11577
1.11575
1.11328
1.11533
1.11791
1.11533
1.11632
1.1133
1.11591
1.11517
1.11517
1.11447
1.11447
1.11824
1.11557
1.11629
1.11435
1.11643
1.11624
1.11624
1.1161
1.11669
1.11549
1.11581
1.11581
1.11604
1.11629
1.11535
1.11604
1.11604
1.11757
1.11597
1.11597
1.11743
1.11619
1.11619
1.11481
1.11454
1.11424
1.11563
1.11972
1.11514
1.11615
1.11555
1.11932
1.11594
1.11561
1.11564
1.11505
1.11654
1.11615
1.11487
1.11747
1.11225
1.11497
1.11808
1.11441
1.11658
1.11489
1.11545
1.11564
1.11429
1.11589
1.1151
1.1151
1.11411
1.11676
1.11565
1.11666
1.11639
1.11606
1.11653
1.11533
1.11648
1.11648
1.11663
1.11458
1.11458
1.1169
1.1169
1.11539
1.11386
1.11608
1.11432
1.11525
1.11578
1.11648
1.11545
1.11521
1.11254
1.11652
1.11492
1.11405
1.11641
1.11551
1.11533
1.11402
1.1163
1.11772
1.11772
1.11705
1.11497
1.11828
1.11493
1.11581
1.11479
1.11347
1.11621
1.11566
1.11676
1.11656
1.11522
1.11454
1.11246
1.11522
1.11689
1.18128
1.1155
1.11864
1.11746
1.11474
1.11502
1.11763
1.11612
1.11584
1.11589
1.11633
1.11323
1.11668
1.11551
1.11658
1.11701
1.11599
1.1159
1.1159
1.11478
1.11478
1.11381
1.11638
1.11673
1.11372
1.11576
1.11641
1.11485
1.11442
1.11583
1.11701
1.11661
1.16704
1.11637
1.115
1.11495
1.11637
1.11167
1.1195
1.1175
1.11342
1.11577
1.11507
1.11493
1.11493
1.11477
1.1112
1.11467
1.11607
1.11241
1.11472
1.11472
1.11441
1.11734
1.11484
1.11309
1.11439
1.1178
1.11739
1.1105
1.11462
1.11572
1.11658
1.11485
1.11615
1.1164
1.11591
1.11609
1.1153
1.11613
1.11651
1.11462
1.11325
1.11663
1.11449
1.12015
1.11342
1.11215
1.11237
1.11504
1.11567
1.11435
1.11539
1.11628
1.11431
1.11688
1.11618
1.11416
1.11452
1.11941
1.11615
1.11402
1.1223
1.1223
1.1142
1.11676
1.11472
1.11471
1.1154
1.11446
1.11758
1.11617
1.11502
1.11534
1.11529
1.11733
1.11236
1.11661
1.11723
1.12458
1.11905
1.11869
1.11683
1.11447
1.11523
1.11751
1.11614
1.28744
1.11591
1.11616
1.11616
1.11509
1.11509
1.11673
1.11737
1.11597
1.1157
1.11701
1.11728
1.11889
1.11662
1.1137
1.11605
1.11579
1.11707
1.11581
1.11416
1.29704
1.29704
1.29704
1.34581
1.34581
1.34581
1.33892
1.11637
1.11559
1.11559
1.11374
1.11538
1.11446
1.1164
1.11772
1.11593
1.11449
1.11449
1.11684
1.11684
1.11358
1.11822
1.11822
1.11388
1.11474
1.11464
1.11569
1.11871
1.11871
1.1163
1.11711
1.11496
1.11496
1.11455
1.11455
1.11342
1.1151
1.11499
1.11499
1.1167
1.12096
1.11474
1.1149
1.1133
1.11419
1.11598
1.11503
1.11425
1.11651
1.11546
1.11531
1.11576
1.11471
1.11646
1.11629
1.11421
1.11523
1.11628
1.11628
1.11656
1.11514
1.1156
1.11523
1.1174
1.1161
1.11524
1.11737
1.11456
1.11298
1.12115
1.11668
1.11506
1.11548
1.11548
1.1168
1.1168
1.11454
1.11562
1.11562
1.11612
1.11715
1.11561
1.11499
1.11454
1.11403
1.11617
1.11684
1.12084
1.11441
1.11381
1.11527
1.11527
1.11552
1.11552
1.11988
1.11529
1.1164
1.11537
1.11474
1.11474
1.1107
1.11578
1.11269
1.11567
1.30147
1.11676
1.11573
1.11523
1.11414
1.11352
1.11729
1.11729
1.11729
1.11618
1.11618
1.11618
1.11525
1.11485
1.11449
1.11428
1.11358
1.11516
1.11516
1.11639
1.11935
1.11486
1.11462
1.11561
1.26885
1.11749
1.11567
1.11575
1.11464
1.11563
1.11633
1.11517
1.11579
1.11866
1.1128
1.1172
1.11509
1.11578
1.11632
1.11459
1.11614
1.1144
1.11453
1.11551
1.11563
1.11397
1.11549
1.11487
1.11545
1.11727
1.11727
1.11507
1.11507
1.11632
1.11632
1.11775
1.11726
1.11416
1.11643
1.11539
1.11687
1.11638
1.11535
1.11563
1.11527
1.11399
1.11602
1.11419
1.1163
1.11416
1.11403
1.11403
1.11629
1.27569
1.11908
1.11677
1.1142
1.11519
1.11535
1.11508
1.11713
1.11264
1.11394
1.11645
1.11747
1.11292
1.11161
1.11669
1.11468
1.11731
1.11552
1.11565
1.11544
1.11661
1.11752
1.11918
1.11428
1.11428
1.11548
1.11361
1.11808
1.11525
1.1139
1.11613
1.1163
1.1163
1.11419
1.11419
1.11756
1.11607
1.1168
1.11473
1.11529
1.11835
1.11327
1.11662
1.20338
1.20338
1.20338
1.65081
1.65081
1.65081
1.11353
1.11865
1.11908
1.11619
1.11403
1.1167
1.11398
1.11719
1.11258
1.11671
1.11594
1.11548
1.116
1.11427
1.11431
1.11321
1.39348
1.39348
1.39348
1.42428
1.42428
1.42428
1.11595
1.11636
1.11636
1.11705
1.11705
1.11587
1.11657
1.11421
1.11487
1.11578
1.11578
1.26357
1.11744
1.11514
1.1167
1.11728
1.1157
1.11466
1.11545
1.11461
1.11764
1.11483
1.11511
1.11739
1.115
1.11526
1.11871
1.33813
1.33813
1.33813
1.29044
1.29044
1.29044
1.11584
1.11608
1.11608
1.11466
1.11412
1.18386
1.11506
1.11506
1.11585
1.11585
1.11835
1.11766
1.1152
1.11605
1.1152
1.11953
1.11888
1.11622
1.11622
1.11793
1.11656
1.11613
1.11336
1.11692
1.11446
1.11613
1.11639
1.11505
1.11254
1.11582
1.11565
1.11549
1.11421
1.11552
1.11676
1.11479
1.1168
1.1168
1.11728
1.11728
1.11369
1.11483
1.11873
1.11628
1.11725
1.11383
1.11383
1.11553
1.11685
1.11555
1.11687
1.11386
1.11586
1.11586
1.11647
1.11647
1.11577
1.11577
1.11623
1.11648
1.11279
1.11426
1.11673
1.11358
1.11696
1.11493
1.11599
1.11541
1.11938
1.11407
1.11536
1.11636
1.11418
1.11703
1.11703
1.11742
1.1157
1.11579
1.11466
1.11554
1.11554
1.11747
1.11747
1.11417
1.11428
1.116
1.10417
1.11416
1.11793
1.11456
1.11542
1.11346
1.11736
1.11736
1.11663
1.11663
1.11472
1.11472
1.11691
1.11691
1.11206
1.11493
1.11493
1.10672
1.11523
1.11275
1.11479
1.11297
1.11297
1.11546
1.11745
1.11681
1.1144
1.11468
1.11555
1.11472
1.11209
1.11364
1.11131
1.11549
1.11544
1.11479
1.11597
1.11581
1.11581
1.11595
1.11595
1.11564
1.1152
1.11493
1.11705
1.11656
1.11582
1.11666
1.1151
1.11726
1.11502
1.11483
1.1161
1.11767
1.11537
1.11966
1.11684
1.11708
1.11464
1.1177
1.1152
1.11541
1.11395
1.11731
1.11586
1.11787
1.11467
1.11421
1.11538
1.11855
1.08767
1.08767
1.08767
1.20562
1.20562
1.20562
1.1154
1.11367
1.11306
1.11571
1.11479
1.11632
1.11303
1.11585
1.11537
1.1153
1.11563
1.11563
1.11563
1.11555
1.11555
1.11555
1.11599
1.11599
1.11452
1.11649
1.11593
1.11532
1.11398
1.11594
1.11465
1.11571
1.11573
1.11609
1.11438
1.11593
1.11504
1.11657
1.11493
1.11796
1.11751
1.11411
1.11411
1.11495
1.11602
1.11213
1.11411
1.1147
1.11621
1.11632
1.11364
1.11541
1.11379
1.11587
1.11478
1.11725
1.11641
1.11618
1.11729
1.11534
1.1164
1.11366
1.11366
1.1161
1.11504
1.11644
1.11613
1.11518
1.11502
1.11541
1.11541
1.11761
1.11589
1.11751
1.11627
1.11934
1.1182
1.11615
1.11459
1.11504
1.11565
1.11449
1.11449
1.11517
1.11625
1.11416
1.11744
1.11381
1.11763
1.11564
1.11594
1.11469
1.11689
1.11569
1.11482
1.11719
1.11546
1.11557
1.1127
1.11552
1.11526
1.11629
1.11637
1.11654
1.11659
1.11587
1.11593
1.1152
1.11776
1.11642
1.11405
1.11604
1.11558
1.11594
1.11586
1.11571
1.11571
1.11612
1.11612
1.11726
1.1172
1.11789
1.11789
1.11593
1.11593
1.11534
1.11619
1.11541
1.11541
1.11525
1.11514
1.11756
1.11596
1.11737
1.1157
1.11311
1.11738
1.11426
1.11538
1.11752
1.1153
1.11544
1.11485
1.11313
1.11578
1.11496
1.11528
1.11442
1.11483
1.11495
1.11901
1.11876
1.11476
1.11476
1.11544
1.1203
1.11642
1.1157
1.11528
1.11546
1.11743
1.11337
1.11614
1.11661
1.11531
1.11702
1.11545
1.11565
1.11539
1.11719
1.11456
1.11612
1.11612
1.11712
1.11435
1.11642
1.11522
1.11504
1.11484
1.11579
1.1186
1.1186
1.11458
1.11458
1.11519
1.1157
1.11344
1.11559
1.11234
1.11234
1.1159
1.11564
1.11501
1.11501
1.11583
1.1162
1.1159
1.11687
1.11528
1.11835
1.11371
1.11422
1.11317
1.11416
1.1174
1.11424
1.11424
1.11545
1.11481
1.11481
1.11407
1.11664
1.11576
1.11591
1.11699
1.1161
1.1161
1.11714
1.11547
1.1165
1.11891
1.11619
1.1144
1.11605
1.11499
1.11562
1.11624
1.11454
1.11616
1.11616
1.11592
1.11514
1.11516
1.11511
1.11645
1.11622
1.11698
1.11698
1.11527
1.11527
1.11367
1.93402
1.93402
1.93402
1.54789
1.54789
1.54789
1.11463
1.11536
1.48934
1.48934
1.48934
1.11665
1.11296
1.1148
1.11736
1.11993
1.11993
1.11565
1.11565
1.1164
1.11355
1.11355
1.11559
1.14638
1.11785
1.11641
1.11592
1.11573
1.11492
1.11553
1.11553
1.11538
1.11574
1.11592
1.11446
1.11446
1.11115
1.11286
1.11393
1.11827
1.11498
1.11609
1.11609
1.11414
1.11306
1.11306
1.11427
1.11771
1.11519
1.11505
1.11808
1.1181
1.11386
1.11621
1.11495
1.11612
1.11595
1.11864
1.11513
1.11513
1.11591
1.11591
1.11617
1.11842
1.11733
1.1151
1.11951
1.11542
1.1173
1.11594
1.11252
1.11392
1.11541
1.11541
1.11501
1.11689
1.11575
1.11473
1.11607
1.11672
1.11689
1.11679
1.11386
1.11363
1.11267
1.11553
1.11439
1.11759
1.11909
1.11373
1.11621
1.11718
1.11686
1.11506
1.11587
1.11588
1.11592
1.11612
1.1136
1.1161
1.11394
1.11467
1.11481
1.11624
1.11624
1.11568
1.11269
1.11723
1.11483
1.11547
1.11516
1.11364
1.11508
1.11427
1.11369
1.11513
1.11513
1.11513
1.11609
1.11609
1.11609
1.11597
1.11621
1.11538
1.11806
1.11472
1.11472
1.11623
1.11623
1.11492
1.11579
1.29672
1.29672
1.29672
1.11407
1.11612
1.11528
1.11856
1.116
1.11517
1.11419
1.11526
1.11526
1.11573
1.11573
1.11104
1.11765
1.1156
1.11447
1.11447
1.11447
1.11517
1.11522
1.12087
1.11557
1.11688
1.11752
1.11523
1.11584
1.11387
1.11412
1.11588
1.11538
1.11625
1.11427
1.11611
1.11829
1.11402
1.11705
1.11705
1.11541
1.11421
1.11638
1.11521
1.11397
1.11526
1.11517
1.11517
1.11585
1.70869
1.70869
1.70869
1.70869
1.70869
1.70869
1.11509
1.11597
1.11565
1.11766
1.11565
1.11565
1.11764
1.11764
1.29375
1.29375
1.29375
1.11618
1.11521
1.2936
1.11555
1.11467
1.11609
1.11669
1.11638
1.11273
1.11627
1.11557
1.11708
1.11417
1.11519
1.11576
1.11234
1.11447
1.11055
1.11709
1.11634
1.11634
1.11447
1.11649
1.11402
1.1159
1.1159
1.11419
1.11419
1.1182
1.11653
1.11603
1.11673
1.11672
1.1151
1.11526
1.11342
1.11702
1.11662
1.1161
1.11641
1.11556
1.11384
1.11514
1.11432
1.11426
1.11621
1.11774
1.11612
1.11241
1.1158
1.11326
1.11442
1.11459
1.11423
1.11781
1.11441
1.11496
1.11476
1.11317
1.11609
1.1167
1.11383
1.11602
1.1172
1.11678
1.11677
1.1165
1.11457
1.11539
1.11816
1.11616
1.11465
1.11217
1.11653
1.11018
1.11695
1.11328
1.10958
1.10958
1.11748
1.11748
1.11566
1.11724
1.1137
1.11544
1.1138
1.11907
1.11387
1.11494
1.11031
1.11505
1.11844
1.11684
1.11647
1.1154
1.11498
1.11498
1.11428
1.11428
1.11557
1.1189
1.11578
1.11397
1.11497
1.20954
1.11659
1.1173
1.11664
1.11422
1.11476
1.11419
1.11528
1.11881
1.11424
1.11649
1.22194
1.11787
1.11787
1.1167
1.11767
1.11664
1.11475
1.11576
1.11609
1.11918
1.11514
1.11506
1.11534
1.11539
1.11452
1.11677
1.11658
1.11345
1.11593
1.11593
1.11593
1.11581
1.11543
1.1171
1.11664
1.11385
1.1167
1.11315
1.11586
1.11586
1.11274
1.11476
1.11106
1.11562
1.11679
1.11476
1.11838
1.11387
1.11793
1.11524
1.11592
1.11596
1.11377
1.11377
1.11614
1.11614
1.115
1.11465
1.11561
1.11532
1.11432
1.11521
1.11626
1.11819
1.11682
1.11504
1.11697
1.11417
1.11928
1.11563
1.11634
1.11597
1.11634
1.11528
1.11482
1.11611
1.11655
1.11248
1.11572
1.11708
1.11595
1.11585
1.11585
1.11562
1.11788
1.11754
1.11565
1.11511
1.1128
1.1128
1.11507
1.11507
1.11569
1.11572
1.1154
1.11498
1.11546
1.11521
1.11525
1.11739
1.11429
1.11471
1.11772
1.11734
1.11652
1.1153
1.11442
1.11434
1.22218
1.22218
1.11378
1.1167
1.11664
1.11473
1.11473
1.11602
1.11602
1.11774
1.11314
1.11589
1.11818
1.12043
1.11479
1.11729
1.11432
1.11672
1.1165
1.11733
1.11565
1.11539
1.11359
1.11488
1.1153
1.1164
1.11465
1.11254
1.11612
1.11393
1.11612
1.11699
1.11585
1.11585
1.11672
1.11672
1.11611
1.11611
1.11502
1.11502
1.21521
1.11467
1.11761
1.11597
1.11391
1.11526
1.11687
1.11664
1.11394
1.11458
1.11604
1.11527
1.11536
1.11461
1.11868
1.11764
1.11671
1.11671
1.11479
1.11479
1.11523
1.11752
1.11736
1.11805
1.11918
1.11597
1.11474
1.11624
1.11607
1.11715
1.11574
1.11757
1.11453
1.11588
1.11605
1.11619
1.11876
1.11467
1.11764
1.11675
1.11599
1.11426
1.11562
1.11694
1.11755
1.1154
1.116
1.11567
1.11723
1.11755
1.11723
1.11436
1.11417
1.11467
1.11537
1.11511
1.11473
1.11097
1.11588
1.11562
1.11562
1.11486
1.11633
1.11429
1.11638
1.1154
1.11397
1.11444
1.11589
1.11365
1.11631
1.1167
1.11568
1.11568
1.11728
1.11728
1.11531
1.11531
1.1155
1.1155
1.11216
1.11793
1.11447
1.37999
1.11468
1.11366
1.11366
1.11366
1.11667
1.11667
1.11667
1.11795
1.11671
1.11545
1.11587
1.11597
1.11926
1.1152
1.11664
1.11674
1.11584
1.11596
1.11501
1.11428
1.11428
1.11766
1.11621
1.11493
1.11703
1.11627
1.1144
1.11464
1.11644
1.11867
1.11224
1.11578
1.11556
1.11565
1.11468
1.11407
1.1158
1.11649
1.11739
1.11794
1.11213
1.11595
1.11596
1.11658
1.11686
1.11456
1.11669
1.11669
1.11619
1.11619
1.11359
1.11549
1.11549
1.12006
1.1158
1.11549
1.1148
1.11644
1.11703
1.11722
1.11629
1.11629
1.11607
1.11489
1.11719
1.12017
1.11607
1.1154
1.11654
1.11603
1.11391
1.11616
1.11616
1.1151
1.11491
1.11499
1.11665
1.11458
1.11488
1.11539
1.11512
1.11605
1.11707
1.11612
1.11411
1.11697
1.11595
1.11597
1.11454
1.1167
1.1167
1.11731
1.11438
1.11438
1.11526
1.11623
1.11532
1.11581
1.11528
1.11455
1.11587
1.11279
1.11534
1.11806
1.116
1.11365
1.11365
1.11667
1.11667
1.11516
1.11607
1.11654
1.11716
1.1221
1.11758
1.11758
1.11618
1.11618
1.11574
1.11564
1.11519
1.11559
1.11552
1.11462
1.11551
1.11534
1.11666
1.11403
1.11645
1.11645
1.11529
1.11618
1.11526
1.11538
1.11609
1.11359
1.11291
1.1161
1.11799
1.1137
1.11542
1.11713
1.11406
1.11575
1.11539
1.11399
1.11304
1.11462
1.11634
1.11859
1.11859
1.11644
1.1158
1.11748
1.11605
1.11605
1.11605
1.1125
1.11668
1.11327
1.11327
1.11581
1.11608
1.11495
1.11548
1.2431
1.1171
1.11443
1.11536
1.11591
1.11607
1.1151
1.1151
1.11509
1.116
1.11588
1.116
1.11668
1.11622
1.1139
1.11636
1.11519
1.11669
1.11564
1.11564
1.11577
1.11492
1.11594
1.11831
1.11538
1.11538
1.11295
1.11295
1.11296
1.11533
1.11696
1.11693
1.11616
1.11525
1.11302
1.11589
1.11778
1.11421
1.11601
1.11601
1.11672
1.11672
1.11509
1.11614
1.11391
1.11391
1.11665
1.11548
1.11519
1.11745
1.11302
1.11493
1.11455
1.11524
1.1179
1.11665
1.11616
1.11311
1.11442
1.11619
1.11486
1.11431
1.11431
1.11543
1.11664
1.11617
1.11553
1.1165
1.1159
1.1159
1.11502
1.11616
1.11518
1.11267
1.11629
1.1149
1.11531
1.11226
1.12033
1.1152
1.1158
1.11244
1.117
1.1146
1.11554
1.11806
1.11619
1.11581
1.11869
1.11415
1.1145
1.11349
1.11477
1.11507
1.11568
1.116
1.11511
1.1146
1.1146
1.11679
1.1163
1.11638
1.1355
1.11357
1.11427
1.1169
1.11598
1.11598
1.11717
1.11717
1.1157
1.1148
1.11458
1.11635
1.1165
1.11635
1.11645
1.11509
1.11509
1.11575
1.11575
1.11742
1.11611
1.11457
1.11458
1.11009
1.11441
1.11525
1.11499
1.11518
1.15194
1.11572
1.11618
1.11847
1.116
1.11582
1.11582
1.1133
1.11711
1.11448
1.11569
1.11319
1.11634
1.11639
1.11542
1.1153
1.1153
1.1135
1.11558
1.28623
1.11685
1.11545
1.1167
1.11524
1.11525
1.11616
1.11567
1.11661
1.11618
1.11572
1.11532
1.11614
1.11724
1.1158
1.11688
1.11612
1.11394
1.11621
1.11533
1.11534
1.11553
1.11526
1.11654
1.1151
1.11518
1.11501
1.11523
1.11517
1.11696
1.11435
1.11369
1.11799
1.11838
1.11444
1.1138
1.11712
1.11733
1.11605
1.11671
1.11697
1.11649
1.11375
1.11422
1.11733
1.11672
1.11769
1.11506
1.14306
1.11482
1.11618
1.116
1.11527
1.11929
1.11192
1.11903
1.14669
1.11705
1.11594
1.11502
1.11523
1.11682
1.11492
1.11492
1.11585
1.11632
1.11573
1.11768
1.11738
1.116
1.11511
1.11711
1.11326
1.11964
1.1161
1.11608
1.11612
1.11439
1.11439
1.11716
1.11653
1.117
1.11685
1.11574
1.11523
1.11615
1.11516
1.11593
1.11484
1.11576
1.11749
1.11749
1.11588
1.11588
1.11567
1.11507
1.11618
1.11466
1.1165
1.11747
1.11578
1.11554
1.1162
1.1162
1.11092
1.11651
1.11986
1.11564
1.24949
1.24949
1.1132
1.1132
1.11808
1.1148
1.11454
1.26985
1.11513
1.11528
1.11435
1.11663
1.12018
1.1152
1.11537
1.11388
1.11779
1.11506
1.11506
1.11551
1.11598
1.11749
1.11511
1.11453
1.11554
1.11531
1.1158
1.1158
1.1155
1.11495
1.11399
1.11593
1.11628
1.11295
1.11563
1.11592
1.11575
1.11562
1.11431
1.11476
1.11771
1.11798
1.11544
1.11962
1.11698
1.11284
1.11675
1.11583
1.11583
1.11561
1.11561
1.1205
1.11492
1.11312
1.11527
1.11363
2.01912
2.01912
2.01912
1.15692
1.15692
1.15692
1.11641
1.11404
1.08271
1.08271
1.11607
1.11607
1.11447
1.11569
1.11521
1.0952
1.11564
1.11564
1.11523
1.11736
1.11464
1.11909
1.11558
1.11369
1.11679
1.11398
1.116
1.11562
1.11562
1.11572
1.11572
1.115
1.11832
1.11504
1.11482
1.11573
1.11486
1.11624
1.11711
1.11566
1.11372
1.11372
1.11382
1.11382
1.11497
1.11315
1.11761
1.1159
1.11621
1.11445
1.11513
1.11571
1.11571
1.11543
1.11543
1.11554
1.11393
1.11898
1.08931
1.11595
1.11682
1.10889
1.11478
1.11816
1.11392
1.35536
1.11542
1.11488
1.11641
1.1148
1.11385
1.11555
1.11432
1.11035
1.11537
1.11726
1.11476
1.11219
1.11627
1.11621
1.11184
1.11649
1.11638
1.11594
1.1201
1.11481
1.11444
1.11789
1.11398
1.11705
1.11719
1.11718
1.11506
1.11907
1.1172
1.11681
1.11681
1.11602
1.11602
1.1155
1.11386
1.63921
1.63921
1.63921
1.28577
1.28577
1.28577
1.11587
1.11687
1.11683
1.11588
1.11656
1.11662
1.11699
1.11535
1.11358
1.11776
1.11792
1.11406
1.11426
1.11246
1.11594
1.11465
1.11574
1.11481
1.11605
1.11522
1.11703
1.11527
1.11502
1.11661
1.11669
1.11683
1.11754
1.11769
1.11587
1.11331
1.11331
1.11661
1.11661
1.11593
1.11356
1.11768
1.24117
1.24117
1.11588
1.11319
1.11319
1.11434
1.11434
1.11666
1.11547
1.11543
1.11616
1.11635
1.11501
1.11646
1.11529
1.11464
1.11506
1.11671
1.11665
1.1161
1.11606
1.11459
1.11705
1.11533
1.11555
1.11276
1.11771
1.11613
1.11399
1.1125
1.11516
1.11698
1.11637
1.11665
1.11474
1.11697
1.11443
1.11513
1.11616
1.11663
1.11601
1.11625
1.11395
1.11275
1.11275
1.11351
1.11426
1.11619
1.11619
1.21039
1.21039
1.1163
1.1163
1.11484
1.11484
1.11634
1.116
1.11863
1.11656
1.11687
1.11533
1.11412
1.11408
1.11625
1.11643
1.11369
1.11481
1.11681
1.11591
1.11817
1.29768
1.29768
1.29768
1.34515
1.34515
1.34515
1.11475
1.11703
1.11464
1.11622
1.11957
1.11464
1.11344
1.11593
1.11376
1.11518
1.11507
1.09905
1.11755
1.11755
1.11556
1.11556
1.11878
1.11573
1.11611
1.11516
1.1119
1.11602
1.11597
1.11597
1.11658
1.11658
1.11574
1.11574
1.11587
1.11587
1.11587
1.11384
1.1155
1.11668
1.11646
1.11906
1.11749
1.11661
1.11148
1.11737
1.11383
1.11486
1.11603
1.11478
1.11412
1.11573
1.11588
1.11534
1.11608
1.11645
1.11981
1.11472
1.11489
1.11396
1.11691
1.11696
1.11625
1.11661
1.31013
1.1161
1.11597
1.11539
1.11362
1.11569
1.11698
1.118
1.1199
1.11567
1.11513
1.11247
1.11578
1.11788
1.11657
1.11503
1.11674
1.11598
1.11601
1.11358
1.11358
1.11689
1.11605
1.11584
1.11641
1.11633
1.11689
1.11513
1.1166
1.11565
1.11572
1.1145
1.11543
1.11496
1.11413
1.1154
1.11496
1.11488
1.11537
1.11331
1.11432
1.18371
1.18371
1.18371
1.18371
1.42235
1.42235
1.42235
1.42235
1.11437
1.11873
1.11182
1.11639
1.11538
1.11538
1.27615
1.27615
1.11535
1.11668
1.11424
1.11578
1.11557
1.11579
1.11326
1.12249
1.11343
1.12027
1.11665
1.11674
1.11569
1.11569
1.1172
1.11374
1.11562
1.11684
1.11484
1.11647
1.11359
1.1163
1.1163
1.11487
1.11487
1.11573
1.11708
1.11523
1.11523
1.11448
1.11604
1.11543
1.11555
1.11582
1.11661
1.11661
1.11715
1.11725
1.11665
1.11427
1.11701
1.11603
1.11668
1.11588
1.11481
1.11701
1.11424
1.11283
1.11614
1.11423
1.11286
1.1139
1.11536
1.11536
1.11481
1.1166
1.11537
1.11801
1.11576
1.11555
1.11555
1.11535
1.11535
1.11528
1.1145
1.11582
1.11134
1.11715
1.11568
1.11101
1.11101
1.11633
1.11633
1.11537
1.11529
1.11529
1.11687
1.11687
1.11537
1.11508
1.11245
1.11528
1.11747
1.11653
1.11432
1.1176
1.1168
1.11432
1.11511
1.11586
1.11343
1.11579
1.11398
1.11398
1.11679
1.11772
1.11681
1.11681
1.11578
1.117
1.11558
1.11569
1.11166
1.11166
1.1175
1.11421
1.1148
1.1172
1.1172
1.11519
1.11618
1.11521
1.11862
1.11652
1.11628
1.1177
1.11697
1.11697
1.11431
1.11431
1.10941
1.1143
1.11522
1.11482
1.11594
1.11485
1.115
1.1163
1.11546
1.11695
1.11688
1.11977
1.11618
1.11484
1.11624
1.11721
1.11618
1.11523
1.11639
1.11578
1.11728
1.11653
1.114
1.11617
1.11478
1.11579
1.1162
1.11518
1.13159
1.13159
1.13159
1.19951
1.19951
1.19951
1.11571
1.11596
1.11673
1.11496
1.11468
1.11454
1.11394
1.11776
1.11468
1.11559
1.11918
1.11587
1.11484
1.11617
1.11403
1.11699
1.11841
1.11452
1.11474
1.11408
1.11408
1.11431
1.11555
1.11555
1.11752
1.1166
1.11617
1.11374
1.11493
1.11493
1.11793
1.11372
1.11706
1.11366
1.11366
1.11533
1.11533
1.11457
1.11114
1.11511
1.11556
1.11543
1.11548
1.11533
1.11557
1.11527
1.11527
1.11333
1.11665
1.11552
1.11628
1.11667
1.11667
1.11583
1.11583
1.11586
1.11545
1.1172
1.11511
1.11537
1.11484
1.11734
1.11597
1.11452
1.11946
1.11456
1.11498
1.1145
1.11528
1.11826
1.11478
1.1169
1.11551
1.11137
1.11617
1.11699
1.1164
1.11395
1.39454
1.39454
1.35414
1.35414
1.11712
1.11604
1.24025
1.11386
1.11564
1.11711
1.11525
1.11447
1.11808
1.11671
1.11671
1.11623
1.11544
1.11649
1.11649
1.11625
1.11625
1.11632
1.12271
1.11392
1.11392
1.11589
1.11456
1.11737
1.11494
1.11494
1.10022
1.11402
1.11782
1.11582
1.11615
1.11464
1.11731
1.11887
1.1166
1.11074
1.11348
1.11636
1.1161
1.11653
1.11573
1.11501
1.11561
1.11561
1.1133
1.11609
1.11609
1.11721
1.11564
1.11523
1.11351
1.11351
1.11656
1.1154
1.11751
1.11565
1.11628
1.11479
1.11519
1.11544
1.11533
1.11605
1.1153
1.11421
1.11577
1.11545
1.11505
1.11525
1.116
1.116
1.11727
1.11629
1.11415
1.11415
1.11489
1.11188
1.11489
1.11519
1.11449
1.11526
1.11498
1.11498
1.11371
1.11446
1.11681
1.1157
1.11541
1.11684
1.11684
1.11334
1.11482
1.11803
1.11554
1.11545
1.11545
1.11566
1.11566
1.11438
1.11551
1.11291
1.11487
1.11369
1.11593
1.11811
1.11799
1.11786
1.11687
1.11593
1.11656
1.11887
1.11647
1.11647
1.11504
1.11554
1.27523
1.27523
1.27523
1.18684
1.18684
1.18684
1.11567
1.11808
1.11808
1.11567
1.11473
1.11563
1.11465
1.11545
1.1198
1.11547
1.11424
1.11623
1.11639
1.11449
1.1167
1.11744
1.11679
1.11771
1.11487
1.11736
1.11562
1.11548
1.11617
1.11677
1.11569
1.11877
1.1164
1.11617
1.11716
1.1151
1.11513
1.11496
1.11496
1.11651
1.11651
1.1156
1.1156
1.11652
1.11652
1.11964
1.11512
1.11506
1.11631
1.11475
1.11578
1.11514
1.11519
1.11575
1.11575
1.11575
1.11575
1.11652
1.1151
1.11492
1.11461
1.11572
1.11681
1.11655
1.11665
1.11415
1.1165
1.1165
1.12063
1.11437
1.37916
1.11579
1.11597
1.11667
1.11511
1.11474
1.11532
1.11524
1.1156
1.11128
1.11398
1.11612
1.11803
1.11553
1.11747
1.11377
1.11406
1.11406
1.1173
1.1173
1.11472
1.11472
1.11699
1.11617
1.11617
1.11599
1.11551
1.11519
1.11537
1.11569
1.11654
1.11432
1.11592
1.11331
1.11331
1.11385
1.11385
1.11696
1.11502
1.11659
1.1143
1.11619
1.11665
1.11426
1.11438
1.11405
1.11653
1.11592
1.11487
1.11574
1.11728
1.11459
1.11459
1.11625
1.11625
1.11604
1.11462
1.11596
1.11607
1.11642
1.11487
1.11824
1.11767
1.1179
1.11377
1.117
1.1143
1.11568
1.11643
1.11639
1.11488
1.11483
1.11731
1.29955
1.11539
1.115
1.11622
1.11569
1.11569
1.11615
1.11553
1.11464
1.11778
1.11667
1.11667
1.11488
1.11467
1.11557
1.11465
1.11664
1.11598
1.11598
1.11581
1.11581
1.11689
1.11637
1.11637
1.11509
1.11694
1.11543
1.11696
1.1188
1.11443
1.11412
1.11734
1.11531
1.11531
1.11388
1.11388
1.11725
1.11652
1.11847
1.11503
1.11601
1.11501
1.11634
1.11891
1.11891
1.1167
1.1146
1.1164
1.11593
1.11679
1.11781
1.1197
1.11557
1.11862
1.11515
1.11412
1.11452
1.1134
1.1154
1.11563
1.11683
1.11567
1.11698
1.11763
1.11376
1.11414
1.11724
1.11639
1.11572
1.11621
1.11502
1.11502
1.11524
1.11874
1.11609
1.11376
1.11451
1.11812
1.11599
1.11538
1.11538
1.11614
1.11345
1.11774
1.11403
1.11487
1.11462
1.11624
1.11727
1.11908
1.11617
1.11249
1.11514
1.11456
1.11491
1.11593
1.11612
1.11635
1.11652
1.11552
1.11689
1.11563
1.11478
1.1115
1.1156
1.1156
1.11658
1.11668
1.11385
1.11639
1.11632
1.11655
1.11437
1.11655
1.11453
1.11433
1.1169
1.11474
1.1153
1.11336
1.11582
1.11513
1.11403
1.11497
1.11552
1.11555
1.1156
1.1156
1.11507
1.11507
1.11586
1.12081
1.11386
1.11618
1.11525
1.11525
1.11516
1.11832
1.11606
1.11764
1.11832
1.28886
1.11252
1.11707
1.11168
1.11561
1.11725
1.11415
1.11415
1.11634
1.11702
1.115
1.11627
1.11555
1.11781
1.11653
1.11626
1.11404
1.11581
1.11581
1.11678
1.11646
1.11586
1.11518
1.11471
1.11659
1.11727
1.11575
1.11531
1.11375
1.12103
1.12103
1.112
1.11655
1.11364
1.11524
1.11524
1.11424
1.11592
1.11542
1.11877
1.11667
1.11542
1.11542
1.11609
1.11469
1.1189
1.40935
1.11549
1.11703
1.11122
1.11418
1.11538
1.11625
1.1158
1.1158
1.11691
1.11691
1.11704
1.11625
1.11642
1.11597
1.11504
1.11313
1.11734
1.11398
1.11447
1.11593
1.115
1.1154
1.11583
1.07793
1.11487
1.11548
1.11514
1.11616
1.11493
1.11698
1.11698
1.11733
1.11733
1.11679
1.11467
1.1168
1.11709
1.11495
1.11495
1.11544
1.11615
1.11683
1.11468
1.11468
1.11468
1.11544
1.11071
1.11071
1.11778
1.11778
1.11696
1.11673
1.11606
1.11658
1.11659
1.11249
1.1146
1.11489
1.11448
1.11607
1.11503
1.11661
1.1161
1.11704
1.11739
1.11519
1.11617
1.11663
1.11376
1.11378
1.11378
1.11438
1.11438
1.11597
1.48642
1.11474
1.1166
1.11694
1.11557
1.11339
1.11626
1.1172
1.1172
1.11604
1.11604
1.11309
1.11309
1.11504
1.11704
1.11704
1.11695
1.11598
1.11649
1.11553
1.11553
1.1172
1.1172
1.11675
1.11732
1.1144
1.11725
1.11634
1.11569
1.11573
1.11567
1.11691
1.1147
1.1163
1.11755
1.11458
1.1139
1.11506
1.11703
1.11664
1.1163
1.11656
1.11851
1.11417
1.11414
1.1164
1.11889
1.11641
1.11631
1.11573
1.11494
1.11532
1.11732
1.12036
1.11306
1.11733
1.1184
1.11728
1.11356
1.11772
1.11772
1.11772
1.11432
1.11432
1.11432
1.11592
1.11291
1.11291
1.11526
1.11583
1.11414
1.11702
1.11704
1.1139
1.11599
1.11516
1.11462
1.11162
1.11685
1.1159
1.11553
1.11505
1.11545
1.11507
1.11711
1.11354
1.11404
1.11658
1.11551
1.11602
1.11602
1.11882
1.11456
1.11468
1.11632
1.11769
1.11631
1.11635
1.11385
1.11456
1.11512
1.11504
1.11568
1.11569
1.11627
1.11474
1.11474
1.11545
1.11545
1.11689
1.11568
1.11599
1.11597
1.11433
1.11525
1.11528
1.11724
1.11562
1.11562
1.11601
1.11601
1.11635
1.1164
1.11355
1.11438
1.1174
1.11308
1.11674
1.11577
1.11465
1.11354
1.11588
1.11664
1.11618
1.11415
1.11536
1.11638
1.11517
1.11742
1.11899
1.11423
1.13274
1.11715
1.1172
1.1176
1.1175
1.1175
1.11664
1.11664
1.11397
1.11736
1.11445
1.11576
1.11434
1.11672
1.11672
1.11439
1.11586
1.11694
1.11946
1.11466
1.1168
1.11605
1.11613
1.1166
1.11462
1.11326
1.11351
1.11542
1.11582
1.11638
1.1161
1.11711
1.11519
1.1154
1.11592
1.11856
1.11475
1.11396
1.11654
1.11576
1.11491
1.11718
1.11462
1.11648
1.1171
1.11466
1.11564
1.11564
1.11825
1.11581
1.11581
1.11542
1.11525
1.11528
1.2117
1.2117
1.2117
1.37988
1.37988
1.37988
1.11612
1.11757
1.11652
1.1168
1.11549
1.11743
1.12288
1.11713
1.1167
1.11733
1.11591
1.11807
1.11791
1.11791
1.11705
1.11801
1.11442
1.11399
1.11646
1.11448
1.19966
1.1142
1.1163
1.11444
1.11648
1.11528
1.11658
1.11601
1.11422
1.11422
1.11492
1.11598
1.11794
1.11432
1.11481
1.11717
1.11621
1.11566
1.11638
1.11664
1.11632
1.16754
1.11444
1.11603
1.11479
1.11093
1.11093
1.11452
1.11643
1.11514
1.11514
1.11592
1.11501
1.11448
1.11635
1.11721
1.114
1.114
1.1159
1.1159
1.11742
1.11404
1.11467
1.11804
1.11487
1.11563
1.11773
1.11612
1.11616
1.11525
1.0796
1.11655
1.11648
1.11366
1.11604
1.11707
1.11467
1.11259
1.11548
1.12046
1.12046
1.11666
1.11666
1.11727
1.11557
1.11248
1.11478
1.11629
1.11593
1.11576
1.1146
1.11446
1.1171
1.11716
1.11658
1.11641
1.11439
1.11611
1.118
1.11827
1.11152
1.11573
1.11472
1.11929
1.11929
1.11601
1.11574
1.11228
1.11627
1.2633
1.11604
1.11512
1.11802
1.11537
1.1163
1.1882
1.1882
1.1152
1.11736
1.11451
1.11675
1.11637
1.11637
1.11599
1.11599
1.11575
1.12063
1.11801
1.11801
1.115
1.115
1.11616
1.11333
1.11459
1.11459
1.11541
1.11541
1.11618
1.11618
1.11289
1.11601
1.11601
1.11603
1.11369
1.11645
1.11392
1.11546
1.11507
1.11749
1.11855
1.11575
1.1153
1.11614
1.23266
1.11676
1.11561
1.11486
1.11599
1.11599
1.11584
1.11554
1.11099
1.11099
1.11173
1.1148
1.11438
1.11438
1.11426
1.11557
1.11886
1.11689
1.11427
1.11486
1.11527
1.11598
1.11724
1.11516
1.11516
1.11603
1.11628
1.11508
1.11469
1.11469
1.1161
1.1161
1.15975
1.11365
1.11598
1.11845
1.119
1.11517
1.1142
1.11593
1.10002
1.11518
1.1164
1.11445
1.11537
1.11413
1.11487
1.11603
1.11603
1.11603
1.11576
1.11576
1.11564
1.11558
1.11558
1.11917
1.11541
1.11541
1.11774
1.11774
1.11868
1.11482
1.11535
1.1179
1.1146
1.11513
1.11532
1.11731
1.11307
1.11552
1.11435
1.11435
1.11675
1.11565
1.11376
1.11553
1.11873
1.11346
1.11518
1.116
1.116
1.11519
1.11691
1.11515
1.11444
1.1136
1.11619
1.11593
1.11407
1.11741
1.11362
1.11566
1.11586
1.1152
1.11581
1.11498
1.11748
1.11748
1.11748
1.1164
1.11472
1.11472
1.11691
1.11691
1.11382
1.11655
1.11655
1.11655
1.18437
1.18437
1.18437
1.11745
1.11207
1.11978
1.27872
1.27872
1.42377
1.42377
1.11675
1.11505
1.11597
1.11684
1.11492
1.11528
1.11734
1.11734
1.11763
1.11577
1.11613
1.11481
1.11677
1.11451
1.1149
1.11465
1.11465
1.11202
1.11625
1.11646
1.11775
1.11559
1.11559
1.11593
1.11647
1.11376
1.11442
1.11415
1.11223
1.11715
1.11508
1.11512
1.11255
1.11396
1.11469
1.11733
1.11733
1.11644
1.11401
1.11968
1.11794
1.11573
1.1142
1.11621
1.11314
1.11598
1.11433
1.11549
1.11667
1.11514
1.11559
1.11266
1.11405
1.1172
1.11439
1.11462
1.11781
1.11682
1.11517
1.11564
1.11606
1.11747
1.11747
1.11783
1.11596
1.11604
1.11635
1.11635
1.1137
1.11466
1.11673
1.11639
1.11675
1.11552
1.11699
1.11584
1.11584
1.1153
1.11527
1.11553
1.11601
1.11625
1.11445
1.11445
1.11703
1.11703
1.11345
1.11691
1.11627
1.11431
1.11507
1.11507
1.11799
1.11572
1.11509
1.11532
1.11662
1.11645
1.11513
1.11595
1.11386
1.11386
1.11663
1.11663
1.11668
1.11537
1.11398
1.11398
1.11374
1.11197
1.11471
1.11626
1.11379
1.11214
1.11673
1.11273
1.11484
1.11582
1.11324
1.11619
1.11556
1.11384
1.11589
1.11478
1.11261
1.11432
1.11615
1.11656
1.11586
1.1163
1.11598
1.11617
1.11419
1.11557
1.11593
1.11352
1.11374
1.29236
1.11179
1.11553
1.11866
1.11434
1.11433
1.11433
1.11585
1.11265
1.11535
1.11535
1.1128
1.1128
1.11715
1.11493
1.1191
1.1191
1.1191
1.11546
1.11546
1.11546
1.11507
1.11745
1.11675
1.11606
1.11629
1.11257
1.11705
1.11879
1.1156
1.11531
1.11669
1.11565
1.11595
1.11548
1.69047
1.69047
1.11538
1.11315
1.11384
1.11458
1.11481
1.11481
1.11566
1.11711
1.11619
1.11571
1.12658
1.11531
1.11755
1.11624
1.1162
1.1114
1.11527
1.11578
1.11528
1.11439
1.1165
1.11541
1.1135
1.11532
1.11496
1.11707
1.11575
1.11544
1.11682
1.11494
1.11388
1.11891
1.1179
1.1179
1.11778
1.11659
1.11463
1.11459
1.11668
1.1166
1.11657
1.11306
1.11306
1.11538
1.11538
1.11652
1.1151
1.11392
1.1168
1.11415
1.11708
1.11709
1.11595
1.11424
1.11632
1.11451
1.11506
1.11613
1.117
1.11536
1.11508
1.11528
1.1166
1.11701
1.11744
1.11627
1.11498
1.11629
1.11795
1.11763
1.11622
1.11659
1.11606
1.1169
1.11468
1.11545
1.11553
1.1152
1.11615
1.11367
1.11829
1.11501
1.11581
1.11466
1.11462
1.11462
1.11372
1.11608
1.11735
1.11606
1.11711
1.11873
1.11873
1.11421
1.11606
1.11917
1.11683
1.1158
1.11453
1.11729
1.11411
1.1127
1.11633
1.11633
1.11633
1.11387
1.11387
1.11387
1.11414
1.1169
1.19027
1.11609
1.11678
1.11678
1.11887
1.11887
1.12033
1.11638
1.11593
1.11494
1.11393
1.11393
1.1157
1.11525
1.1151
1.11692
1.11603
1.11926
1.11475
1.1136
1.11578
1.11552
1.34839
1.34839
1.34839
1.34839
1.37263
1.37263
1.37263
1.37263
1.11968
1.11569
1.11518
1.11514
1.11589
1.11669
1.1125
1.1158
1.11765
1.11589
1.1181
1.1181
1.11468
1.11468
1.11545
1.11503
1.11756
1.11462
1.11744
1.11675
1.11806
1.1171
1.11783
1.11569
1.11659
1.11659
1.11551
1.11823
1.11823
1.11876
1.11352
1.11252
1.11642
1.11509
1.11577
1.11586
1.11545
1.11512
1.11649
1.11649
1.11466
1.11466
1.11541
1.11611
1.1157
1.11369
1.11759
1.11531
1.11515
1.1156
1.11588
1.1119
1.11601
1.11441
1.11583
1.11563
1.11376
1.1164
1.11632
1.1126
1.11668
1.11476
1.11642
1.11603
1.11682
1.11458
1.11629
1.11629
1.11646
1.11646
1.11781
1.11637
1.11567
1.11549
1.11153
1.11521
1.1176
1.1158
1.11579
1.11437
1.11397
1.11441
1.11625
1.11401
1.11743
1.11743
1.1158
1.1161
1.11753
1.11753
1.11596
1.11551
1.11643
1.11528
1.11494
1.11509
1.11559
1.11357
1.11359
1.11492
1.11399
1.11399
1.117
1.11484
1.11991
1.25122
1.11904
1.11507
1.11736
1.11522
1.11464
1.11575
1.11298
1.11477
1.11698
1.11477
1.11652
1.11597
1.11597
1.11597
1.11209
1.11674
1.11655
1.11419
1.11472
1.11449
1.11345
1.11489
1.11585
1.11422
1.11748
1.11749
1.11396
1.11737
1.11699
1.11523
1.11437
1.11898
1.1151
1.11492
1.11546
1.11587
1.11198
1.11523
1.11494
1.11568
1.11533
1.11712
1.11464
1.11464
1.11505
1.11505
1.11556
1.11591
1.11531
1.11531
1.11409
1.11409
1.11564
1.11639
1.11646
1.11523
1.11822
1.11592
1.11592
1.11147
1.11147
1.11486
1.11486
1.11558
1.11558
1.11663
1.11629
1.1144
1.11721
1.11637
1.11375
1.11447
1.11447
1.11649
1.11633
1.12009
1.11611
1.11632
1.11469
1.11404
1.11592
1.11801
1.11615
1.11458
1.11661
1.11925
1.11564
1.11733
1.11519
1.11654
1.27854
1.11662
1.11659
1.11592
1.11809
1.11607
1.11643
1.11642
1.11508
1.11823
1.11823
1.11468
1.11468
1.11691
1.11553
1.11717
1.11717
1.11426
1.11426
1.11665
1.11487
1.11796
1.1179
1.11604
1.11194
1.1176
1.1153
1.11072
1.11611
1.11693
1.1141
1.11571
1.11578
1.11581
1.11534
1.11777
1.11393
1.11604
1.11633
1.11461
1.11461
1.11485
1.11659
1.11554
1.11577
1.1148
1.11355
1.1154
1.11666
1.11666
1.11622
1.11507
1.11475
1.11843
1.11446
1.1141
1.11411
1.11687
1.114
1.11809
1.1162
1.11566
1.11543
1.11448
1.11542
1.11526
1.11581
1.11588
1.11567
1.11555
1.11764
1.11396
1.11396
1.11513
1.11637
1.11345
1.11707
1.11648
1.11365
1.11612
1.1168
1.1168
1.1168
1.11494
1.11389
1.6105
1.11843
1.11889
1.11223
1.11587
1.11451
1.11468
1.11362
1.26688
1.26688
1.11376
1.11626
1.11394
1.11526
1.11582
1.116
1.1165
1.1165
1.25887
1.11593
1.11486
1.11534
1.11435
1.11623
1.11901
1.11511
1.11511
1.11677
1.11704
1.11587
1.11665
1.11622
1.11622
1.11563
1.11563
1.11677
1.11341
1.11814
1.11584
1.11588
1.11546
1.11546
1.1165
1.11676
1.11379
1.11618
1.11865
1.11513
1.11454
1.12048
1.12048
1.11509
1.11427
1.11516
1.11929
1.11484
1.11361
1.11379
1.1157
1.11633
1.11553
1.11551
1.11068
1.11773
1.11586
1.11564
1.11604
1.11513
1.11734
1.11762
1.1167
1.11682
1.23147
1.11629
1.11629
1.11444
1.11444
1.11595
1.1137
1.11532
1.11615
1.11636
1.11393
1.11536
1.11707
1.11828
1.11522
1.1175
1.1157
1.11701
1.11688
1.1158
1.12036
1.1164
1.18862
1.11801
1.11534
1.11824
1.11595
1.11679
1.11549
1.1158
1.1134
1.11425
1.11685
1.11717
1.11717
1.11578
1.11411
1.11646
1.11606
1.1141
1.11563
1.11632
1.11393
1.1151
1.11478
1.11495
1.11567
1.07795
1.54768
1.31063
1.31063
1.31063
1.31063
1.31063
1.31063
1.31063
1.31063
1.31063
1.31063
1.31063
1.31063
1.31063
1.31063
1.31063
1.31063
1.31063
1.31063
1.31063
1.31063
1.31063
1.31063
1.31063
1.31063
1.31063
1.31063
1.31063
1.31063
1.12519
1.12519
1.12519
1.12519
1.12519
1.12519
1.12519
1.12519
1.12519
1.12519
1.12519
1.12519
1.12519
1.12519
1.12519
1.12519
1.12519
1.12519
1.12519
1.12519
1.12519
1.12519
1.12519
1.12519
1.12519
1.12519
1.12519
1.12519
1.92498
1.92498
1.92498
1.92498
1.92498
1.92498
1.92498
1.92498
1.92498
1.92498
1.92498
1.92498
1.92498
1.92498
1.92498
1.92498
1.92498
1.92498
1.92498
1.92498
1.92498
1.92498
1.92498
1.92498
1.92498
1.92498
1.92498
1.92498
1.25477
1.25477
1.25477
1.25477
1.25477
1.25477
1.25477
1.25477
1.25477
1.25477
1.25477
1.25477
1.25477
1.25477
1.25477
1.25477
1.25477
1.25477
1.25477
1.25477
1.25477
1.25477
1.25477
1.25477
1.25477
1.25477
1.25477
1.25477
1.77283
1.77283
1.77283
1.77283
1.77283
1.77283
1.77283
1.77283
1.77283
1.77283
1.77283
1.77283
1.77283
1.77283
1.77283
1.77283
1.77283
1.77283
1.77283
1.77283
1.77283
1.77283
1.77283
1.77283
1.77283
1.77283
1.77283
1.77283
1.18792
1.18792
1.18792
1.18792
1.18792
1.18792
1.18792
1.18792
1.18792
1.18792
1.18792
1.18792
1.18792
1.18792
1.18792
1.18792
1.18792
1.18792
1.18792
1.18792
1.18792
1.18792
1.18792
1.18792
1.18792
1.18792
1.18792
1.18792
1.11424
1.11424
1.11424
1.11424
1.11424
1.11424
1.11424
1.11424
1.11424
1.11424
1.11424
1.11424
1.11424
1.11424
1.11424
1.11424
1.11424
1.11424
1.11424
1.11424
1.11424
1.11424
1.11424
1.11424
1.11424
1.11424
1.11424
1.11424
1.74589
1.74589
1.74589
1.74589
1.74589
1.74589
1.74589
1.74589
1.74589
1.74589
1.74589
1.74589
1.74589
1.74589
1.74589
1.74589
1.74589
1.74589
1.74589
1.74589
1.74589
1.74589
1.74589
1.74589
1.74589
1.74589
1.74589
1.74589
1.27164
1.27164
1.27164
1.27164
1.27164
1.27164
1.27164
1.27164
1.27164
1.27164
1.27164
1.27164
1.27164
1.27164
1.27164
1.27164
1.27164
1.27164
1.27164
1.27164
1.27164
1.27164
1.27164
1.27164
1.27164
1.27164
1.27164
1.27164
1.14243
1.14243
1.14243
1.14243
1.14243
1.14243
1.14243
1.14243
1.14243
1.14243
1.14243
1.14243
1.14243
1.14243
1.14243
1.14243
1.14243
1.14243
1.14243
1.14243
1.14243
1.14243
1.14243
1.14243
1.14243
1.14243
1.14243
1.14243
1.13414
1.13414
1.13414
1.13414
1.13414
1.13414
1.13414
1.13414
1.13414
1.13414
1.13414
1.13414
1.13414
1.13414
1.13414
1.13414
1.13414
1.13414
1.13414
1.13414
1.13414
1.13414
1.13414
1.13414
1.13414
1.13414
1.13414
1.13414
1.28393
1.28393
1.28393
1.28393
1.28393
1.28393
1.28393
1.28393
1.28393
1.28393
1.28393
1.28393
1.28393
1.28393
1.28393
1.28393
1.28393
1.28393
1.28393
1.28393
1.28393
1.28393
1.28393
1.28393
1.28393
1.28393
1.28393
1.28393
1.18148
1.18148
1.18148
1.18148
1.18148
1.18148
1.18148
1.18148
1.18148
1.18148
1.18148
1.18148
1.18148
1.18148
1.18148
1.18148
1.18148
1.18148
1.18148
1.18148
1.18148
1.18148
1.18148
1.18148
1.18148
1.18148
1.18148
1.18148
1.24258
1.24258
1.24258
1.24258
1.24258
1.24258
1.24258
1.24258
1.24258
1.24258
1.24258
1.24258
1.24258
1.24258
1.24258
1.24258
1.24258
1.24258
1.24258
1.24258
1.24258
1.24258
1.24258
1.24258
1.24258
1.24258
1.24258
1.24258
1.25182
1.25182
1.25182
1.25182
1.25182
1.25182
1.25182
1.25182
1.25182
1.25182
1.25182
1.25182
1.25182
1.25182
1.25182
1.25182
1.25182
1.25182
1.25182
1.25182
1.25182
1.25182
1.25182
1.25182
1.25182
1.25182
1.25182
1.25182
1.11649
1.1149
1.1158
1.11291
1.11942
1.11662
1.11589
1.11615
1.11416
1.11547
1.11694
1.11621
1.11613
1.11384
1.11591
1.11428
1.11404
1.1149
1.12082
1.11412
1.11564
1.25772
1.25772
1.25772
1.25772
1.25772
1.11583
1.11583
1.11583
1.11583
1.11583
1.11509
1.11394
1.1162
1.1156
1.11466
1.1188
1.11534
1.10945
1.11459
1.11533
1.11531
1.11507
1.11718
1.11569
1.1146
1.31368
1.11362
1.11362
1.11596
1.11596
1.11572
1.11723
1.11687
1.11785
1.11655
1.11647
1.11688
1.11638
1.11918
1.11537
1.11533
1.11533
1.11534
1.11568
1.11554
1.11964
1.11608
1.11823
1.1172
1.11762
1.1146
1.11781
1.11429
1.11609
1.11459
1.11498
