1.11621
1.11282
1.11568
1.11479
1.11619
1.25513
1.11619
1.11567
1.1158
1.11501
1.11406
1.11609
1.1154
1.11611
1.11447
1.11428
1.11653
1.1132
1.11889
1.11404
1.11639
1.11501
1.1193
1.11448
1.11508
1.11547
1.11537
1.11696
1.11491
1.11654
1.11769
1.11586
1.11662
1.11694
1.11721
1.11685
1.11706
1.21097
1.11759
1.11518
1.11494
1.24769
1.42734
1.11687
1.1156
1.11667
1.11647
1.11669
1.11565
1.11659
1.11662
1.11466
1.11703
1.11622
1.11601
1.11472
1.11605
1.11441
1.11699
1.11729
1.11731
1.11698
1.11435
1.11504
1.3627
1.45327
1.1149
1.11501
1.11271
1.11603
1.26754
1.11765
1.11565
1.11574
1.11631
1.11506
1.11646
1.11484
1.11551
1.11514
1.27146
1.11297
1.11538
1.11548
1.17424
1.11414
1.11542
1.11683
1.11563
1.11575
1.11521
1.1158
1.11615
1.11834
1.11494
1.11678
1.11513
1.12107
1.11633
1.11497
1.11332
1.11533
1.11283
1.11481
1.10034
1.11704
1.11554
1.11371
1.11377
1.14306
1.11466
1.37473
1.20574
1.11629
1.11536
1.1153
1.11403
1.11636
1.11688
1.11472
1.12809
1.10575
1.11552
1.11466
1.11556
1.1161
1.15298
1.11696
1.11405
1.31982
1.11633
1.11674
1.11559
1.11711
1.1186
1.11534
1.45953
1.11579
1.31812
1.118
1.11574
1.11639
1.11495
1.11641
1.11478
1.1147
1.15648
1.12227
1.11594
1.11554
1.11661
1.11752
1.11516
1.11371
2.82024
1.11435
1.11569
1.11485
1.1176
1.11573
1.11345
1.11751
1.11259
1.08727
1.11771
1.11434
1.11543
1.11628
1.11615
1.11506
1.11545
1.30078
1.33798
1.11457
1.11675
1.11633
1.18767
1.11667
1.11294
1.11385
1.11362
1.11593
1.11268
1.11606
1.11495
1.18726
1.11522
1.11623
1.11407
1.1159
1.1177
1.11534
1.11204
1.12002
1.11764
1.17851
1.11625
1.11278
1.11597
1.11524
1.11652
1.11219
1.11551
1.11593
1.20153
1.11385
1.09342
1.11855
1.11609
1.11477
1.59832
1.11503
1.11579
1.11608
1.1166
1.11711
1.11809
1.11528
1.19473
1.16568
1.117
1.11454
1.11573
1.14013
1.0982
1.11957
1.11523
1.11477
1.10348
1.1166
1.11506
1.11607
1.31028
1.11722
1.11493
1.1157
1.11634
1.11414
1.11406
1.1153
1.11916
1.1155
1.11371
1.11442
1.1159
1.1165
1.11578
1.11544
1.11478
1.11441
1.11656
1.11565
1.11443
1.11692
1.11695
1.11516
1.11868
1.11563
1.11539
1.115
1.11555
1.1174
1.12232
1.11605
1.11641
1.11368
1.11621
1.11506
1.11671
1.11696
1.11479
1.11653
1.1122
1.11614
1.11444
1.11539
1.11351
1.11425
1.11586
1.11483
1.1156
1.1173
1.11526
1.35796
1.11318
1.11518
1.11648
1.11603
1.1157
1.11666
1.14456
1.11597
1.11478
1.11523
1.11645
1.11367
1.11515
1.11492
1.35988
1.11481
1.11485
1.11465
1.30829
1.11427
1.11635
1.89132
1.11426
1.1131
1.11852
1.11594
1.11631
1.11838
1.12848
1.2132
1.43571
1.11308
1.19602
1.11603
1.11435
1.11504
1.11486
1.4587
1.33223
1.11576
1.11569
1.37794
1.1981
1.11704
1.11747
1.11565
1.10967
1.11338
1.11484
1.11491
1.11593
1.11604
1.11449
1.11576
1.11425
1.11471
1.11715
1.11613
1.11617
1.11694
1.11684
1.11336
1.11543
1.11523
1.11684
1.12432
1.1161
1.93428
1.11504
1.11539
1.11761
1.11594
1.11575
1.11499
1.11485
1.11558
1.11433
1.11511
1.11588
1.11678
1.11496
1.11634
1.33677
1.33459
1.27458
1.11638
1.26723
1.11413
1.11445
1.11591
1.1162
1.11656
1.34768
1.11619
1.1184
1.11482
1.11756
1.11499
1.97604
1.11107
1.16074
1.18011
1.15546
1.09209
1.11876
1.11868
1.46194
1.46889
1.16819
1.11351
1.34729
1.11411
1.11522
1.1155
1.38452
1.11441
1.11296
1.11643
1.11356
1.11339
1.1161
1.11497
1.31707
1.11342
1.115
1.11615
1.117
1.11544
1.11535
1.11575
1.3591
1.11658
1.11452
1.11638
1.1153
1.11549
1.11658
1.1158
1.11926
1.11513
1.11745
1.1145
1.11713
1.1444
1.11612
1.11532
1.11496
1.11479
1.11765
1.11623
1.14223
1.15423
1.7555
1.11652
1.11712
1.54497
1.11505
1.11561
1.11675
1.11669
1.11926
1.11637
1.11617
1.11541
1.11528
1.11328
1.11474
1.11573
1.11529
1.11598
1.11486
1.11359
1.12057
1.11538
1.11661
1.11474
1.11648
1.20275
1.2108
1.92927
1.76673
1.1186
1.26914
1.3527
1.1136
1.11302
1.1144
1.11812
1.11384
1.11404
1.11711
1.11722
1.11576
1.11535
1.11591
1.11499
1.11653
1.11674
1.11687
1.23007
1.11695
1.11552
1.1165
1.28288
1.11833
1.11694
1.11721
1.11672
1.28578
1.11547
1.1176
1.21805
1.11678
1.114
1.11383
1.11602
1.11538
1.11516
1.30728
1.15912
1.1164
1.11469
1.1157
1.11606
1.11786
1.11547
1.1166
1.11612
1.11597
1.115
1.11548
1.11519
1.1149
1.11512
1.11584
1.1534
1.1534
1.11645
1.11475
1.118
1.1407
1.11535
1.11584
1.1147
1.6922
2.00682
1.11592
1.11654
1.11736
1.11478
1.11322
1.1148
1.18747
1.11635
1.1155
1.11796
1.11391
1.11669
1.11421
1.11426
1.11786
1.11592
1.11582
1.11262
1.11455
1.34294
1.11623
1.11751
1.11669
1.11386
1.11534
1.116
1.11463
1.1142
1.11372
1.11563
1.11595
1.11722
1.11678
1.11762
1.11469
1.11374
1.11605
1.1156
1.11506
1.11468
1.11412
1.1163
1.11539
1.11547
1.11319
1.1151
1.11851
1.11624
1.11583
1.11527
1.11439
1.11488
1.11902
1.11675
1.18099
1.11551
1.11601
1.11754
1.11701
1.11425
1.11505
1.7039
1.11447
1.11633
1.11638
1.11646
1.11556
1.11507
1.11564
1.11589
1.11827
1.11172
1.11578
1.11671
1.09364
1.11549
1.10834
1.11608
1.11667
1.1144
1.58467
1.11347
1.11597
1.11655
1.11488
1.1161
1.11472
1.11428
1.11403
1.11589
1.11567
1.19751
1.11568
1.11582
1.26507
1.11562
1.11815
1.11551
1.1154
1.20749
1.19368
1.11695
1.11485
1.19517
1.11447
1.1176
1.11546
1.11656
1.11476
1.11588
1.11831
1.11491
1.1166
1.2077
1.11525
1.60415
1.11651
1.14378
1.11384
1.1135
1.11603
1.11695
1.11633
1.11452
1.24288
1.11444
1.11593
1.3867
1.11342
1.11437
1.11533
1.11636
1.11448
1.11455
1.11616
1.11346
1.92403
1.18056
1.11532
1.28736
1.11571
1.11567
1.11721
1.125
1.08759
1.1155
1.11534
1.11608
1.11461
1.11644
1.11642
1.11618
1.11591
1.20081
1.08494
1.11563
1.1198
1.29276
1.1156
1.11501
1.11358
1.47491
1.11328
1.1154
1.11594
1.11552
1.11401
1.21285
1.11853
1.11644
1.11638
1.11485
1.11962
1.11663
1.11597
1.11725
1.1766
1.33688
1.1165
1.11712
1.1149
1.11899
1.11541
1.12946
1.12096
1.11676
1.11498
1.11786
1.11503
1.11615
1.11577
1.11695
1.11474
1.11581
1.11524
1.11456
1.11486
1.11429
1.11332
1.11401
1.11647
1.11723
1.11521
1.11674
1.2662
1.1358
1.12123
2.40927
1.1165
1.11619
1.11392
1.11581
1.11679
1.26944
1.11787
1.11365
1.11638
1.11602
1.11718
1.11538
1.11781
1.11621
1.11548
1.11582
1.11552
1.11341
1.11606
1.11576
1.11142
1.11465
1.11654
1.11629
1.11699
1.114
1.11827
1.11523
1.11285
1.11628
1.11592
1.11688
1.11616
1.11205
1.11702
1.11389
1.11651
1.11648
1.11593
1.116
1.11595
1.1154
1.11473
1.11585
1.26011
1.39367
1.11634
1.11961
1.11623
1.1176
1.11522
1.11559
1.116
1.1181
1.11815
1.11432
1.15467
1.11388
1.11463
1.11501
1.11743
1.10641
1.10056
1.11731
1.11536
1.1148
1.11521
1.11544
1.11536
1.1152
1.11746
1.11728
1.11585
1.11469
1.11622
1.11555
1.11549
1.11664
1.11589
1.11447
1.11662
1.11452
1.1151
1.11641
1.1167
1.11637
1.11692
1.11622
1.11803
1.11438
1.11542
1.11614
1.31527
1.1174
1.14286
1.1161
1.11914
1.11667
1.11661
1.11903
1.11593
1.11532
1.32072
1.11539
1.11631
1.22538
1.12253
1.11538
1.11499
1.11618
1.11373
1.11593
1.20653
1.11638
1.11764
1.11503
1.11701
1.16989
1.11604
1.19626
1.0997
1.22926
1.11747
1.11621
1.31051
1.11726
1.11905
1.11609
1.11708
1.11532
1.11744
1.11513
1.1136
1.11602
1.11872
1.11301
1.11529
1.11592
1.11723
1.11632
1.11536
1.11488
1.11472
1.11472
1.11655
1.11358
1.08454
1.1405
1.11553
1.26166
1.11216
1.1173
1.11718
1.11322
1.11498
1.11626
1.11583
1.11625
1.11444
1.11802
1.11696
1.11429
1.11619
1.11599
1.11579
1.11147
1.11709
1.11454
1.11563
1.09323
1.10336
1.11528
1.11539
1.11562
1.11473
1.11376
1.11613
1.11809
1.11384
1.11445
1.11766
1.13867
1.11718
1.11351
1.1178
1.11681
1.11602
1.11471
1.11647
1.11448
1.11768
1.11585
1.11434
1.11749
1.11638
1.11459
1.11434
1.11447
1.11846
1.11653
1.11407
1.11608
1.11731
1.11599
1.11652
1.18587
1.18587
1.11661
1.11516
1.11572
1.11621
1.11574
1.11614
1.11523
1.13089
1.14531
1.11619
1.11424
1.11574
1.11507
1.11643
1.2112
1.11336
1.17135
1.11576
1.11703
1.11547
1.11597
1.11504
1.1177
1.34316
1.11613
1.11418
1.114
1.11696
1.11587
1.11582
1.11523
1.11497
1.27911
1.11473
1.11665
1.11475
1.34546
1.11645
1.11581
1.11536
1.11353
1.11686
1.13658
1.11601
1.40031
1.11538
1.11569
1.11399
1.11448
1.11622
1.11614
1.11739
1.11593
1.11481
1.11633
1.21393
1.23329
1.11598
1.60222
1.11478
1.1151
1.63336
1.11769
1.1165
1.11659
1.11709
1.11451
1.11536
1.11623
1.11442
1.11496
1.11261
1.11731
1.11542
1.11479
1.1159
1.11413
1.14105
1.17035
1.11679
1.11642
1.11603
1.11503
1.11662
1.11301
1.11583
1.11474
1.11738
1.1153
1.11752
1.10597
1.116
1.1176
1.11672
1.11585
1.11655
1.11748
1.11612
1.11284
1.11688
1.11478
1.11472
1.11538
1.11487
1.11569
1.11545
1.116
1.11756
1.11512
1.43484
1.11521
1.2126
1.62054
1.11573
1.1173
1.11518
1.11524
1.11551
1.11473
1.11563
1.11689
1.1157
1.11544
1.20747
1.11593
1.11499
1.11564
1.11724
1.11444
1.11801
1.11428
1.21057
1.11716
1.11566
1.11598
1.11666
1.11743
1.11635
1.11545
1.11725
1.11619
1.11851
1.09764
1.11557
1.11693
1.11511
1.11963
1.11337
1.11514
1.11669
1.11526
1.11506
1.11597
1.11719
1.12802
1.11513
1.1154
1.11511
1.11574
1.11507
1.11643
1.11599
1.11686
1.11703
1.11577
1.11639
1.11638
1.11616
1.11644
1.11621
1.11497
1.41786
1.11527
1.11638
1.11716
1.1193
1.11577
1.11571
1.11796
1.11565
1.11624
1.11657
1.11657
1.11481
1.11432
1.14277
1.11526
1.11565
1.11778
1.15957
1.11521
1.11471
1.11856
1.11724
1.1155
1.29743
1.11602
1.13094
1.11583
1.11514
1.11624
1.11374
1.11601
1.19883
1.1175
1.11519
1.11595
1.11666
1.11298
1.11565
1.11541
1.11932
1.11654
1.11552
1.11688
1.33066
1.11515
1.11737
1.11611
1.11471
1.11413
1.11968
1.11809
1.11556
1.11428
1.11513
1.11706
1.11663
1.11556
1.10555
1.11605
1.11606
1.11473
1.11423
1.11567
1.0958
1.11575
1.11517
1.11208
1.11531
1.11407
1.25651
1.11661
1.11525
1.11564
1.11612
1.10616
1.11283
1.1166
1.11526
1.2432
1.11519
1.22147
1.11612
1.11466
1.1149
1.11609
1.11668
1.11642
1.94247
1.1141
1.19721
1.11818
1.11599
1.11594
1.11672
1.11605
1.17238
1.16044
1.11728
1.11694
1.34631
1.1155
1.11534
1.11528
1.11697
1.11557
1.11618
1.11691
1.11639
1.11526
1.11536
1.638
1.11666
1.1169
1.11606
1.1161
1.11822
1.1164
1.11647
1.1142
1.11511
1.11958
1.11444
1.11899
1.11463
1.11643
1.11459
1.11634
1.11643
1.11747
1.11516
1.11646
1.11572
1.1137
1.11697
1.13248
1.11557
1.11603
1.11585
1.19876
1.11501
1.11491
1.11661
1.11511
1.11297
1.11715
1.11628
1.30798
1.11477
1.1165
1.37222
1.11693
1.11538
1.11564
1.11777
1.11722
1.11503
1.34081
1.11444
1.11544
1.11581
1.11329
1.116
1.11478
1.11672
1.11264
1.11589
1.11793
1.11775
1.11328
1.11627
1.11549
1.30028
1.19406
1.11762
1.11525
1.11618
1.11431
1.57803
1.11588
1.11651
1.11589
1.11755
1.11262
1.13942
1.23124
1.11993
1.11724
1.13787
1.14262
1.11698
1.11518
1.11674
1.11572
1.92455
1.11543
1.11556
1.11402
1.11598
1.11349
1.11589
1.11789
1.5827
1.11603
1.11397
1.11522
1.11788
1.11623
1.11798
1.11609
1.1179
1.11497
1.11717
1.11332
1.11487
1.11628
1.11769
1.11621
1.11673
1.11817
1.1157
1.11334
1.11508
1.11539
1.11863
1.11618
1.1159
1.1152
1.11557
1.11571
1.11593
1.15005
1.1166
1.11573
1.11539
1.11438
1.11493
1.11354
1.11226
1.11609
1.11647
1.1155
1.11467
1.117
1.11598
1.11562
1.1145
1.11639
1.11685
1.11379
4.51325
1.1138
1.11492
1.11685
1.1148
1.1159
1.1142
1.11518
1.11596
1.11645
1.11592
1.11789
1.63489
1.90821
1.11651
1.11376
1.11391
1.11593
1.11241
1.11433
1.11615
1.23916
1.11709
1.11364
1.2064
1.64865
1.11662
1.11383
1.11471
1.11455
1.11502
1.11166
1.11473
1.11908
1.11703
1.11375
1.11614
1.11716
1.11555
1.11614
1.11653
1.11486
1.11515
1.11462
1.11569
1.11381
1.11925
1.11143
1.11604
1.11489
1.11631
1.11467
1.11446
1.11725
1.11541
1.11609
1.11805
1.11668
1.11602
1.11553
1.11446
1.11479
1.11798
1.11637
1.11544
1.12073
1.22588
1.11629
1.11706
1.11473
1.11507
1.11797
1.11265
1.11768
1.11896
1.1144
1.11485
1.11525
1.11646
1.11475
1.11519
1.1785
1.11708
1.11528
1.11302
1.11622
1.114
1.11539
1.11521
1.11352
1.11127
1.11563
1.11604
1.11609
1.11825
1.11632
1.11785
1.11528
1.12041
1.11597
1.11502
1.11498
1.115
1.11493
1.11796
1.1156
1.11523
1.23729
1.11561
1.26969
1.11561
1.11721
1.11512
1.11456
1.11691
1.11707
1.11622
1.11582
1.11604
1.11814
1.11352
1.11312
1.11506
1.11601
1.12008
1.11489
1.11583
1.11773
1.11643
1.11487
1.11527
1.55832
1.325
1.11803
1.11629
1.2863
1.11658
1.11574
1.11706
1.11541
1.11473
1.1146
1.11421
1.11499
1.11469
1.11402
1.11518
1.11621
1.11504
1.11697
1.25483
1.11527
1.11564
1.11529
1.11598
1.11556
1.1159
1.11482
1.11583
1.32541
1.11544
1.31938
1.197
1.16727
1.11563
1.11517
1.11668
1.11228
1.29146
1.11393
1.1173
1.11763
1.1157
1.1166
1.11725
1.11747
1.11495
1.11414
1.11619
1.11555
1.11493
1.1147
1.11562
1.11656
1.11402
1.11896
1.24682
1.15205
1.20739
1.12886
1.11591
1.11555
1.11766
1.11604
1.08162
1.12075
1.11685
1.11528
1.11607
1.62372
1.11465
1.11292
1.1158
1.11535
1.11729
1.11726
1.11581
1.11639
1.11682
1.24297
1.11543
1.11545
1.11611
1.10548
1.11682
1.11834
1.11619
1.11593
1.87977
1.11586
1.11573
1.09247
1.27325
1.11637
1.11673
1.11489
1.11588
1.11531
1.1148
1.11464
1.11537
1.1154
1.32879
1.35053
1.24221
1.11566
1.116
1.11607
1.11593
1.11549
1.11688
1.18155
1.11481
1.10874
1.11501
1.14318
1.26281
1.11579
1.10198
1.1549
1.11761
1.11543
1.11553
1.11337
1.11448
1.11515
1.11358
1.11565
1.1162
1.11478
1.1157
1.11477
1.11541
1.11447
1.11266
1.11464
1.11507
1.11603
1.11667
1.11521
1.26045
1.11713
1.18974
1.11507
1.11429
1.11577
1.11515
1.11933
1.11436
1.22471
1.11882
1.54919
1.11667
1.11227
1.11581
1.11814
1.11558
1.11554
1.11676
1.11528
1.11532
1.11447
1.11475
1.11474
1.11567
1.1158
1.11686
1.11352
1.11552
1.11408
1.11557
1.11533
1.11787
1.11315
1.11601
1.11496
1.10978
1.72585
1.11689
1.11516
1.11885
1.11559
1.1174
1.11665
1.11666
1.22
1.11614
1.11595
1.1162
1.11545
1.11491
1.11673
1.11297
1.1148
1.1139
1.11514
1.11643
1.11369
1.11346
1.11647
1.11648
1.11643
1.11633
1.11503
1.15829
1.11766
1.11583
1.11608
1.1153
1.11402
1.1156
1.11559
1.1588
1.26703
1.11277
1.11685
1.11654
1.11697
1.11742
1.11609
1.09094
1.15874
1.11618
1.11563
1.26594
1.18373
1.11139
1.11546
1.11476
1.11522
1.11519
1.11717
1.11591
1.09139
1.11546
1.11614
1.11539
1.35396
1.1155
1.11557
1.11615
1.11726
1.1154
1.11427
1.1162
1.11511
1.1166
1.11584
1.19152
1.21096
1.11397
1.115
1.11621
1.11635
1.11624
1.12921
1.11506
1.11556
1.11503
1.1163
1.11654
1.11589
1.11508
1.11555
1.3065
1.11513
1.11355
1.18791
1.11614
1.11611
1.11592
1.11737
1.11797
1.11559
1.11626
1.1153
1.11528
1.11565
1.11627
1.11632
1.11538
1.11545
1.11159
1.11442
1.11651
1.11606
1.11663
1.11528
1.11627
1.1176
1.11536
1.11972
1.11514
1.11603
1.1046
1.09678
1.11404
1.11555
1.11938
1.1157
1.11848
1.5129
1.11769
1.11497
1.11859
1.11566
1.11538
1.11605
1.11716
1.11388
1.11659
1.11471
1.11639
1.11637
1.11373
1.11433
1.11609
1.49222
1.33918
1.1153
1.11717
1.11667
1.11501
1.11604
1.11517
1.11681
1.11468
1.11546
1.11389
1.36361
1.11545
1.11648
1.11475
1.11851
1.1153
1.11331
1.11405
1.12017
1.12162
1.11396
1.11652
1.11533
1.11525
1.11811
1.11632
1.11632
1.11565
1.11638
1.11301
1.32509
1.11541
1.11504
1.30709
1.1158
1.11443
1.11354
1.11604
1.1134
1.11552
1.11198
1.1136
1.10356
1.1115
1.11591
1.11467
1.11591
1.11588
1.11353
1.11617
1.11474
1.11581
1.11537
1.11716
1.11309
1.11388
1.11565
1.11622
1.11672
1.11598
1.11566
1.1169
1.11729
1.11488
1.11587
1.11223
3.35156
1.11681
1.11578
1.27359
1.14583
1.11726
1.30009
1.11963
1.11525
1.11747
1.11518
1.12014
1.50196
1.11318
1.41826
1.11529
1.11475
1.8802
1.11437
1.11989
1.11605
1.11578
1.11846
1.11531
1.11711
1.11551
1.11822
1.11432
1.11635
1.1161
1.11623
1.11535
1.11702
1.11599
1.18307
1.11458
1.13508
1.11591
1.16889
1.11442
1.11489
1.11529
1.11192
1.11716
1.24094
1.1153
1.11595
1.11469
1.11393
1.61604
1.17327
1.11665
1.11686
1.11533
1.11428
1.11586
1.11571
1.11601
1.11523
1.11677
1.13943
1.11467
1.11647
1.11471
1.11705
1.22411
1.11454
1.11513
1.11796
1.11625
1.22937
1.11408
1.11591
1.11517
1.11592
1.11552
1.11372
1.11554
1.11633
1.115
1.1153
1.11642
1.11241
1.11558
1.11392
1.11664
1.11517
1.11437
1.11691
1.11648
1.11516
1.11328
1.11619
1.11544
1.11725
1.1164
1.67034
1.59433
1.11707
1.23482
1.11495
1.14458
1.11614
1.11504
1.23522
1.11916
1.11618
1.11346
1.11523
1.11525
1.11457
1.11435
1.11855
1.11672
1.11638
1.11518
1.19917
1.11578
1.11587
1.12345
1.10151
1.11537
1.11254
1.11513
1.11583
1.11495
1.11292
1.1162
1.11542
1.11669
1.11284
1.11527
1.11786
1.11575
1.11553
1.12142
1.11535
1.1144
1.11613
1.11466
1.11581
1.1158
1.11711
1.11568
1.11575
1.11584
1.17662
1.11331
1.11346
1.11379
1.11645
1.11587
1.1153
1.11498
1.1162
1.11511
1.11277
1.11532
1.11784
1.11273
1.11516
1.1104
1.14004
1.11876
1.11596
1.11907
1.11728
1.11453
1.11725
1.11524
1.11539
1.11775
1.11297
1.11692
1.11574
1.11385
1.11526
1.63217
1.11324
1.1151
1.11426
1.11685
1.11564
1.11553
1.11469
1.18679
1.11765
1.11519
1.11652
1.11512
1.17541
1.15693
1.11686
1.11592
1.11431
1.11117
1.91676
1.11473
1.11586
1.12104
1.11604
1.11435
1.11599
1.11535
1.11498
1.21814
1.11764
1.11547
1.11484
1.116
1.11757
1.11618
1.11747
1.24959
1.25447
1.11639
1.11528
1.17285
1.11516
1.11888
1.11306
1.11629
1.11505
1.11655
1.11606
1.1651
1.1162
1.116
1.11668
1.11532
1.18545
1.11676
1.12271
1.12994
1.11617
1.11458
1.11645
1.11753
1.24959
1.11547
1.12231
1.14526
1.11596
1.11574
1.1092
1.11214
1.11772
1.11513
1.11767
1.11484
1.11613
1.11575
1.09983
1.34047
1.11424
1.11345
1.12183
1.11506
1.11614
1.11765
2.21221
1.11476
1.1181
1.11692
1.11588
1.24295
1.11193
1.11484
1.11661
1.11717
1.40207
1.11403
1.11575
1.22387
1.38479
1.1167
1.11641
1.11612
1.11724
1.11504
1.11374
1.11353
1.11557
1.11655
1.11198
1.11639
1.11676
1.11524
1.11546
1.11577
