1.115
1.11651
1.47012
1.81917
1.44783
1.11843
1.11678
1.11681
1.11558
1.22581
1.10081
1.11542
1.11336
1.2666
1.12101
1.11359
1.11705
1.11552
1.13508
1.17741
1.11504
1.3248
1.14533
1.11576
1.11497
1.11572
1.2597
1.33488
1.1162
1.11601
1.17892
1.20145
1.11583
1.11218
1.11269
1.11575
1.11653
1.11459
1.11519
1.11567
1.11526
1.21023
1.24336
1.15855
1.29898
1.50783
1.11248
1.1151
1.11729
1.15171
1.68195
1.11577
1.116
1.11396
1.1155
1.11497
1.11303
1.11359
1.11699
1.11537
1.29575
1.36803
1.11366
1.11589
1.11213
1.11529
1.11297
1.11598
1.11236
1.19958
1.42391
1.11536
1.11442
1.11638
1.11605
1.11513
1.11786
1.11334
1.11679
1.11778
1.11645
1.11494
1.1167
1.11341
1.11707
1.11736
1.11511
1.11585
1.11306
1.11481
1.11677
1.11649
1.11447
1.11587
1.11379
1.09069
1.30297
1.11111
1.11674
1.11509
1.11599
1.11456
1.11494
1.11608
1.11568
1.11754
1.11472
1.11592
1.11641
1.1121
1.11554
1.11629
1.1151
1.11521
1.13836
1.11204
1.1093
1.11645
1.1151
1.11575
1.11371
1.1154
1.16106
1.2241
1.11632
1.11524
1.11587
1.08668
1.34052
1.11677
1.31159
1.2942
1.11454
1.11413
1.11946
1.20723
1.13618
1.1155
1.11719
1.11638
1.11656
1.11652
1.11645
1.11508
1.11569
1.1162
1.11449
1.41426
1.37627
1.11771
1.11471
1.11676
1.11647
1.11428
1.11692
1.11726
1.11453
1.11701
1.11846
1.11433
1.11498
1.11608
1.53712
1.21565
1.11528
1.11641
1.1159
1.11546
1.11726
1.11524
1.11516
1.11409
1.11676
1.11656
1.11317
1.11781
1.11604
1.3332
1.18079
1.1152
1.11543
1.11797
1.11388
1.11538
1.11442
1.11531
1.11482
1.15352
1.27752
1.11606
1.11545
1.11555
1.1166
1.11707
1.11572
1.11686
1.11724
1.11261
1.11452
1.11607
1.11929
1.14933
1.08768
1.1164
1.11527
1.11586
1.11614
1.11519
1.11403
1.11907
1.11633
1.13591
1.12527
1.42025
1.11499
1.11626
1.11488
1.16144
1.1918
1.46147
1.40648
1.11526
1.11375
1.11316
1.11552
1.11474
1.11727
1.11571
1.20304
1.11624
1.11443
1.11504
1.11632
1.11474
1.11352
1.11506
1.13172
1.26622
1.11297
1.11479
1.11726
1.11523
1.11425
1.22
1.25959
1.11422
1.11579
1.11687
1.1168
1.11526
1.11603
1.11801
1.11536
1.11642
1.1154
1.1233
1.11505
1.11358
1.11372
1.11525
1.11513
1.11633
1.11433
1.14179
1.15234
1.11497
1.11398
1.29133
1.38203
1.11531
1.11526
1.11505
1.141
1.1141
1.72358
1.11461
1.1198
1.11602
1.16914
1.30189
1.11765
1.1156
1.11679
1.14939
1.11472
1.11467
1.116
1.1151
1.11456
1.11626
1.17922
1.13188
1.11137
1.11468
1.11569
1.11533
1.11494
1.11499
1.11167
1.11766
1.11592
1.29393
1.25508
1.1155
1.11524
1.11572
1.11575
1.11566
1.11487
1.116
1.50431
1.11631
1.11448
1.11252
1.22147
1.11628
1.11545
1.11506
1.19601
1.52527
1.1145
1.11797
1.32902
1.29519
1.5283
1.24904
1.11552
1.09565
1.12094
1.12993
1.11465
1.13442
1.2467
1.11477
1.11802
1.11335
1.11482
1.11353
1.11644
1.11606
1.11605
1.11581
1.11593
1.11811
1.11608
1.11516
1.20199
1.25909
1.11563
1.11588
1.48587
1.52451
1.73466
1.11793
1.11399
1.11543
1.17239
1.16906
1.11711
1.11557
1.1158
1.11492
1.22183
1.21541
1.16389
1.2784
1.11586
1.11697
1.11766
1.1158
1.12951
1.87895
1.11519
1.11504
1.11769
1.11681
1.11442
1.11832
1.11662
1.11538
1.11626
1.11409
1.30188
1.15248
1.1153
1.11537
1.11419
1.11697
1.11616
1.23385
1.25811
1.11539
1.11515
1.11474
1.16816
1.11677
1.11556
1.11506
1.11668
1.11594
1.11671
1.11506
1.11771
1.26857
1.29157
1.37763
1.29662
1.25503
1.44467
1.1142
1.11619
1.11617
1.11543
1.11272
1.11659
1.11412
1.11531
1.31377
1.18411
1.11544
1.11394
1.11631
1.11613
1.16758
1.11674
1.11509
1.11544
1.11617
1.32869
1.25162
1.11584
1.31087
1.11787
1.11529
1.11596
1.11626
1.11457
1.11619
1.11667
1.62473
1.48128
1.48128
1.62473
1.48128
1.48128
1.11516
1.51657
1.19901
1.11703
1.11567
1.11575
1.11584
1.21537
1.35704
1.11707
1.11495
1.11262
1.115
1.11533
1.81756
1.35594
1.35594
1.81756
1.35594
1.35594
1.20385
1.28835
1.11258
1.11721
1.46915
1.5498
1.11413
1.11844
1.11615
1.12005
1.11652
1.11632
1.11532
1.11383
1.1274
1.11007
1.20469
1.1638
1.11416
1.129
1.18474
1.36465
1.0876
1.20013
1.40007
1.11554
1.10106
1.53239
1.11587
1.11375
1.11544
1.11383
1.11649
1.11583
1.11622
1.11349
1.1165
1.11476
1.11614
1.11629
1.103
1.14642
1.12103
1.24639
1.11513
1.11359
1.2272
1.11665
1.38616
1.75937
1.11602
1.11517
1.11651
1.11566
1.11637
1.11456
1.11692
1.11566
1.11287
1.11727
1.11539
1.20466
1.22084
1.26027
1.11506
1.11497
1.11707
1.11644
1.11614
1.11579
1.11466
1.16275
1.11816
1.11522
1.15037
1.12329
1.11517
1.11351
1.11796
1.11596
1.11762
1.11496
1.11632
1.11269
1.11626
1.1143
1.11533
1.1161
1.11652
1.11588
1.28691
1.175
1.11912
1.11505
1.11691
1.43228
1.24011
1.11598
1.11517
1.11477
1.11677
1.11552
1.11327
1.11421
1.11235
1.11797
1.11742
1.30159
1.1814
1.11673
1.11629
1.1176
1.3434
1.11491
1.46949
1.45077
1.11569
1.13776
1.35374
1.11581
1.11562
1.11824
1.24923
1.37512
1.11656
1.11556
1.11564
1.11619
1.11527
1.11705
1.11605
1.11724
1.11586
1.11306
1.1591
1.26669
1.1126
1.11635
1.11483
1.11565
1.11365
1.11469
1.11407
1.19248
1.1136
1.1115
1.11537
1.11663
1.11552
1.11631
1.11631
1.11405
1.12141
1.33398
1.58557
1.14653
1.1162
1.24257
1.11639
1.11892
1.11658
1.11418
1.11303
1.1144
1.11564
1.11473
1.11636
1.11576
1.11449
1.11424
1.16977
1.2168
1.1149
1.11708
1.11949
1.31097
1.34666
1.11196
1.11612
1.47335
1.11453
1.17781
1.15394
1.11417
1.11389
1.11664
1.11652
1.11495
1.11683
1.11676
1.11632
1.11947
1.11518
1.11412
1.11721
1.11679
1.11862
1.14866
1.31119
1.11519
1.30006
1.57817
1.1027
1.11352
1.11796
1.11552
1.1167
1.11472
1.11695
1.11549
1.11628
1.11391
1.11447
1.11467
1.11588
1.11581
1.11799
1.11732
1.11715
1.11743
1.11792
1.11742
1.1156
1.11394
1.11326
1.11447
1.11482
1.11509
1.11284
1.11624
1.11529
1.1193
1.116
1.4308
1.58583
1.36228
1.12549
1.11727
1.1172
1.51228
1.11651
1.11173
1.11598
1.1621
1.14542
1.11676
1.11954
1.11494
1.11724
1.13408
1.1063
1.11522
1.11719
1.11524
1.11426
1.11582
1.53213
1.30856
1.11668
1.11711
1.11585
1.11813
1.11865
1.1138
1.20563
1.26915
1.11494
1.11565
1.11531
1.11587
1.11212
1.2081
1.34825
1.27699
1.22752
1.11481
1.11845
1.46486
1.11585
1.11276
1.11687
1.11511
1.11504
1.14095
1.1155
1.11559
1.11582
1.11574
1.11635
1.11407
1.11432
1.11459
1.1161
1.24617
1.21464
1.11792
1.15478
1.11705
1.11805
1.11842
1.11428
1.29752
1.25917
1.11432
1.11481
1.11583
1.11746
1.11491
1.10838
1.15563
1.1147
1.11654
1.1142
1.29165
1.34129
1.28757
1.28757
1.11586
1.11906
1.11544
1.11608
1.11609
1.11578
1.1168
1.11552
1.27629
1.2497
1.11515
1.11561
1.11602
1.11556
1.11634
1.19206
1.55352
1.1014
1.07812
1.08294
1.1738
1.32381
1.11785
1.11648
1.24693
1.58485
1.11725
1.11329
1.11542
1.15897
1.15897
1.15897
1.15897
1.15897
1.15897
1.34015
1.574
1.28407
1.574
1.28407
1.28407
1.56434
1.34019
1.29196
1.34019
1.29196
1.29196
1.11531
1.11504
1.11412
1.11464
1.1053
1.09644
1.11542
1.11716
1.11395
1.11689
1.11728
1.11588
1.11762
1.11437
1.11604
1.11431
1.11694
1.12232
1.22993
1.11632
1.11767
1.11427
1.11815
1.11716
1.11479
1.11505
1.11999
1.11594
1.11646
1.11593
1.11724
1.11631
1.22037
1.49383
1.11616
1.11331
1.11636
1.11478
1.17085
1.10257
1.11756
1.0896
1.35884
1.11672
1.11374
1.11541
1.11864
1.11516
1.11595
1.11869
1.11621
1.11538
1.11371
1.11592
1.11758
1.11317
1.11478
1.11509
1.11731
1.17042
1.59761
1.11238
1.11487
1.11491
1.1203
1.11487
1.11665
1.11502
1.11589
1.11569
1.11463
1.18528
1.26577
1.16822
1.50353
1.37148
1.61545
1.11516
1.11554
1.11222
1.09568
1.26997
1.1159
1.17923
1.54951
1.11963
1.11632
1.11313
1.11686
1.11558
1.17891
1.96635
1.50027
1.51165
1.11729
1.11707
1.11515
1.15014
1.89728
1.11553
1.11344
1.11587
1.11529
1.11614
1.11369
1.11805
1.11492
1.11765
1.11424
1.11564
1.11523
1.11521
1.11205
1.11517
1.11334
1.11485
1.11436
1.11151
1.11342
1.11665
1.11514
1.11537
1.11625
1.67521
1.30328
1.11528
1.1152
1.11444
1.11695
1.11603
1.11613
1.11693
1.11608
1.15423
1.18859
1.23205
1.37376
1.11607
1.11399
1.26938
1.18407
1.1146
1.11673
1.11511
1.11799
1.11553
1.11561
1.11559
1.11533
1.11276
1.19367
1.19367
1.34096
1.11691
1.11501
1.15807
1.51291
1.1147
1.11507
1.11522
1.11347
1.11595
1.115
1.11415
1.11105
1.11606
1.11475
1.11673
1.2124
1.35115
1.41124
1.40937
1.33181
1.1162
1.1155
1.11483
1.11479
1.11346
1.11381
1.11829
1.11541
1.11604
1.11684
1.11533
1.11394
1.11689
1.1174
1.16329
1.48242
1.11363
1.11611
1.11552
1.11538
1.3121
1.31131
1.28212
1.39231
1.19629
1.39231
1.19629
1.19629
1.31131
1.18174
1.22939
1.22939
1.18174
1.18174
1.22939
1.22939
1.18174
1.36876
1.34683
1.32763
1.42047
1.20108
1.42047
1.20108
1.20108
1.34683
1.29011
1.22842
1.47961
1.32456
1.35516
1.32456
1.35516
1.35516
1.22842
1.32012
1.24603
1.49865
1.36499
1.35118
1.36499
1.35118
1.35118
1.24603
1.11453
1.11657
1.11493
1.11505
1.11635
1.11691
1.11821
1.11552
1.11537
1.11569
1.38158
1.27163
1.14609
1.37386
1.11291
1.11558
1.11722
1.11469
1.56789
1.11591
1.11299
1.11467
1.12114
1.11424
1.11176
1.50069
1.11655
1.1159
1.11525
1.11549
1.11417
1.11591
1.31727
1.37435
1.11704
1.12562
1.21787
1.11346
1.11567
1.11669
1.11632
1.11627
1.11604
1.11753
1.13602
1.66973
1.11604
1.1174
1.11806
1.11487
1.11523
1.20441
1.60274
1.11519
1.11613
1.11441
1.11374
1.11658
1.23295
1.11646
1.115
1.11502
1.11643
1.11433
1.11719
1.11468
1.17549
1.26204
1.11501
1.11652
1.11529
1.11566
1.11529
1.25887
1.09936
1.11398
1.11651
1.11554
1.11591
1.1157
1.09855
1.35993
1.11471
1.1158
1.11361
1.11401
1.19632
1.17027
1.11425
1.11626
1.11576
1.11516
1.11589
1.11677
1.0987
1.20277
1.15682
1.11561
1.11523
1.28788
1.30812
1.11824
1.11572
1.11493
1.11547
1.11271
1.09107
1.18825
1.11637
1.11352
1.26993
1.30648
1.11592
1.27937
1.42718
1.33081
1.38635
1.11409
1.11508
1.11512
1.11713
1.11638
1.17032
1.51319
1.11621
1.11871
1.11538
1.11523
1.11523
1.11339
1.11524
1.11405
1.31254
1.15159
1.36552
1.11625
1.42754
1.11476
1.11462
1.52782
1.11993
1.11391
1.11502
1.11422
1.11536
1.11172
1.1156
1.11436
1.11514
1.11569
1.11611
1.11627
1.11453
1.1158
1.11576
1.31486
1.31009
1.11517
1.11575
1.11387
1.39848
1.18687
1.11868
1.11888
1.11413
1.11566
1.11457
1.1147
1.2925
1.33252
1.11701
1.11461
1.11572
1.11534
1.11892
1.11753
1.11517
1.11599
1.11043
1.11697
1.11657
1.11291
1.11149
1.1163
1.11506
1.11353
1.11534
1.55936
1.45907
1.12048
1.11476
1.11857
1.1165
1.41781
1.38048
1.11172
1.11518
1.11464
1.1174
1.11288
1.11688
1.11471
1.11652
1.11637
1.11672
1.22554
1.47168
1.11443
1.11517
1.11434
1.11561
1.11802
1.11386
1.11516
1.1138
1.37206
1.6567
1.11575
1.11635
1.1166
1.11491
1.11333
1.11522
1.18227
1.42906
1.11617
1.11532
1.11454
1.11415
1.11643
1.11696
1.11519
1.11528
1.11522
1.11562
1.11833
1.11616
1.20268
1.11647
1.2966
1.34433
1.11613
1.11978
1.11727
1.11543
1.11595
1.11524
1.11424
1.11673
1.11578
1.11682
1.1142
1.11609
1.53369
1.37314
1.11414
1.11454
1.11718
1.1167
1.11973
1.11504
1.11462
1.11692
1.11584
1.11355
1.11716
1.1146
1.11435
1.11525
1.11655
1.1155
1.1853
1.1364
1.11489
1.31951
1.28064
1.1161
1.11512
1.10499
1.40029
1.11576
1.11544
1.11511
1.3983
1.12231
1.12231
1.33929
1.14548
1.14548
1.11299
1.11606
1.11472
1.11518
1.11614
1.11659
1.1148
1.11557
1.11656
1.11787
1.11698
1.11641
1.1169
1.11561
1.11652
1.11525
1.1159
1.11388
1.11668
1.14218
1.10628
1.11619
1.11425
1.11596
1.11491
1.11382
1.18547
1.3493
1.12109
1.11504
1.11588
1.11695
1.11678
1.1167
1.11637
1.11598
1.11629
1.40827
1.42694
1.11146
1.11639
1.11663
1.11205
1.11599
1.37431
1.09367
1.29034
1.22074
1.11689
1.12492
1.31725
1.1154
1.11595
1.13713
1.39346
1.12302
1.25107
1.11707
1.24517
1.26612
1.11563
1.11715
1.11637
1.11765
1.11585
1.18879
1.59052
1.11567
1.11487
1.22583
1.33017
1.1155
1.1565
1.67346
1.11407
1.11514
1.17696
1.71409
1.11774
1.11312
1.11588
1.11345
1.11501
1.11514
1.39069
1.77125
1.11668
1.19603
1.23269
1.11745
1.11469
1.11445
1.11737
1.11471
1.11579
1.11517
1.11687
1.11502
1.11864
1.15748
1.16305
1.11467
1.11508
1.12085
1.2092
1.11642
1.11281
1.11547
1.29621
1.39573
1.11606
1.27948
1.50455
1.16816
1.43336
1.11571
1.11556
1.11743
1.11386
1.1154
1.1165
1.1165
1.11662
1.11543
1.11645
1.1155
1.11527
1.11683
1.11644
1.1982
1.28328
1.33307
1.1178
1.11607
1.32643
1.70829
1.11536
1.16988
1.25857
1.11615
1.11519
1.40233
1.11597
1.11427
1.11522
1.11757
1.23723
1.26256
1.11445
1.1152
1.1166
1.11546
1.31766
1.1176
1.11517
1.11365
1.11482
1.11826
1.16295
1.11636
1.1137
1.11534
1.18165
1.19849
1.11427
1.11687
1.11548
1.11634
1.11519
1.11461
1.11525
1.11217
1.11636
1.13801
1.14044
1.11842
1.11608
1.11465
1.11682
1.11295
1.11444
1.11572
1.11265
1.11591
1.1188
1.11593
1.11749
1.17583
1.51228
1.11663
1.11511
1.11421
1.11476
1.11703
1.11451
1.1158
1.11508
1.11543
1.11533
1.1155
1.1161
1.1136
1.11609
1.1175
1.11572
1.11492
1.1167
1.11233
1.1638
1.45142
1.45142
1.33224
1.11385
1.11524
1.11706
1.11428
1.55139
2.02002
1.11425
1.11637
1.75308
1.11636
1.11599
1.2835
1.40601
1.11637
1.11419
1.11767
1.1672
1.17053
1.115
1.11481
1.1158
1.17153
1.19143
1.11687
1.1801
1.48442
1.11519
1.11517
1.11791
1.24795
1.1981
1.11765
1.11581
1.11608
1.11393
1.11641
1.11618
1.11508
1.11385
1.11449
1.11917
1.1166
1.11312
1.117
1.11503
1.11397
1.16494
1.15268
1.11681
1.11519
1.23965
1.31945
1.12072
1.11545
1.11685
1.11646
1.17795
1.20797
1.11348
1.11554
1.20783
1.11424
1.11693
1.11481
1.11445
1.1145
1.11641
2.00933
1.46944
1.11173
1.11173
1.11173
1.16452
1.11173
1.53337
1.37939
1.29812
1.25205
1.12653
1.29812
1.25205
1.12653
1.25205
1.12653
1.24906
1.12653
1.53337
1.37939
1.29812
1.25205
1.12653
1.29812
1.25205
1.12653
1.25205
1.12653
1.24906
1.12653
1.54991
1.34036
1.15202
1.15202
1.15202
1.24911
1.15202
1.54991
1.34036
1.15202
1.15202
1.15202
1.24911
1.15202
1.83541
1.33856
1.46789
1.33856
1.46789
1.46789
1.6696
1.38778
1.3872
1.38778
1.3872
1.3872
1.7202
1.47623
1.33848
1.47623
1.33848
1.33848
1.1162
1.11514
1.39087
1.2894
1.20957
1.21869
1.34781
1.15158
1.52782
1.21136
1.46141
1.18109
1.11462
1.11454
1.11572
1.11548
1.11324
1.1198
1.11607
1.11669
1.09337
1.16878
1.11688
1.115
1.45734
1.25269
1.11953
1.11144
1.11665
1.11371
1.1185
1.11221
1.11374
1.11571
1.11521
1.11711
1.11524
1.11529
1.11355
1.11567
1.11705
1.1169
1.08738
1.5652
1.1152
1.11507
1.11662
1.11646
1.11605
1.17277
1.50137
1.11762
1.11404
1.11724
1.11447
1.30605
1.11492
1.11493
1.11737
1.18004
1.28264
1.42465
2.07841
1.41827
1.11035
1.11611
1.11611
1.11582
1.11394
1.11451
1.11449
1.11482
1.36599
1.24541
1.11646
1.11538
1.28305
1.34919
1.67367
1.42973
1.11701
1.41274
1.11418
1.11433
1.11669
1.11938
1.11547
1.25455
1.11533
1.11722
1.11557
1.11534
1.11597
1.1137
1.11555
1.11446
1.11752
1.11459
1.11743
1.1151
1.11629
1.1182
1.34268
1.2651
1.11472
1.11713
1.11378
1.11541
1.11297
1.11638
1.08989
1.27351
1.11346
1.39371
1.25701
1.1178
1.11409
1.11391
1.11557
1.096
1.23949
1.11637
1.11656
1.11294
1.11538
1.11436
1.11764
1.13101
1.10015
1.11845
1.11525
1.11578
1.11413
1.11717
1.11614
1.11666
1.11492
1.11553
1.11562
1.11775
1.11494
1.11534
1.24181
1.26114
1.33827
1.50913
1.11604
1.11596
1.11431
1.11428
1.11819
1.11638
1.11563
1.11333
1.11408
1.17226
1.34467
1.3213
1.99354
1.41474
1.48625
1.21796
1.1619
1.11705
1.11551
1.11563
1.11487
1.11648
1.71055
1.42107
1.11587
1.20401
1.28578
1.13849
1.11632
1.11929
1.11535
1.11503
1.1158
1.11516
1.11464
1.11789
1.11648
1.11534
1.11361
1.11275
1.11474
1.11631
1.11414
1.14765
1.20395
1.11562
1.30874
1.42113
1.11365
1.11617
1.11512
1.11518
1.1161
1.11585
1.11463
1.13037
1.11766
1.23348
1.11601
1.17926
1.136
1.11481
1.11508
1.11648
1.11361
1.11931
1.11514
1.11743
1.11642
1.11756
1.11283
1.40665
1.11529
1.11864
1.19248
1.45316
1.11635
1.11538
1.11422
1.11573
1.11515
1.11911
1.11622
1.11451
1.11469
1.11795
1.11642
1.31404
1.43259
1.3256
1.11533
1.11692
1.11487
1.11713
1.11451
1.11477
1.38255
1.26544
1.11445
1.11821
1.11643
1.11381
1.14946
1.75559
1.11482
1.37849
1.78427
1.11626
1.11704
1.11496
1.11358
1.11669
1.1157
1.11866
1.11605
1.1149
1.11386
1.41644
1.32094
1.11648
1.11629
1.11563
1.11633
1.27512
1.11129
1.11436
1.11651
1.11553
1.11519
1.11517
1.1154
1.28576
1.37201
1.1169
1.11464
1.11364
1.4442
1.27741
1.11628
1.11521
1.11542
1.2096
1.30815
1.11586
1.11517
1.11618
1.4579
1.2265
1.11339
1.11579
1.11468
1.11598
1.11602
1.10091
1.74901
1.19424
1.11505
1.46775
1.13824
1.11593
1.11543
1.11789
1.11384
1.11636
1.11527
1.11491
1.11403
1.11507
1.11609
1.11574
1.20773
1.22699
1.11706
1.11539
1.11652
1.22885
1.41585
1.1139
1.11783
1.11657
1.11442
1.1195
1.14959
1.11539
1.11516
1.22974
1.20532
1.11237
1.11589
1.1145
1.11724
1.22092
1.1166
1.11658
1.11651
1.42051
1.19227
1.19227
1.3402
1.2837
1.2837
1.11699
1.11525
1.11463
1.11348
1.11559
1.11519
1.11615
1.36633
1.37516
1.2009
1.34022
1.1173
1.11605
1.11504
1.11409
1.11694
1.11551
1.11545
1.11558
1.11612
1.11389
1.401
1.35489
1.23794
1.15106
1.35489
1.23794
1.15106
1.23794
1.15106
1.15106
1.401
1.35489
1.23794
1.15106
1.35489
1.23794
1.15106
1.23794
1.15106
1.15106
1.401
1.35489
1.23794
1.15106
1.35489
1.23794
1.15106
1.23794
1.15106
1.15106
1.33772
1.35526
1.22593
1.35526
1.22593
1.22593
1.22593
1.49888
1.33543
1.22712
1.33543
1.22712
1.22712
1.22712
1.33441
1.33441
1.33441
1.11572
1.11549
1.11531
1.11559
1.11377
1.11452
1.11414
1.11467
1.1166
1.11557
1.1162
1.11654
1.11587
1.115
1.11557
1.471
1.11531
1.11877
1.11408
1.11613
1.11809
1.11618
1.11628
1.11136
1.4307
1.11661
1.19927
1.40371
1.11455
1.32419
2.0132
1.11599
1.11577
1.11659
1.13098
1.11431
1.11553
1.11613
1.1167
1.11949
1.11314
1.1165
1.11726
1.11763
1.11454
1.11646
1.11503
1.11525
1.11427
1.11649
1.11637
1.11539
1.11566
1.11938
1.11657
1.10068
1.24619
1.11527
1.11862
1.11548
1.11574
1.1169
1.11347
1.10486
1.34878
1.11584
1.12266
1.72183
1.15727
1.19084
1.11503
1.1169
1.11557
1.1169
1.11498
1.11618
1.11833
1.11362
1.11431
1.11677
1.15087
1.18235
1.11698
1.11627
1.21286
1.39229
1.11303
1.11725
1.11625
1.11588
1.11347
1.11745
1.43103
1.14222
1.11573
1.11471
1.20314
1.27778
1.11666
1.11587
1.1145
1.11589
1.11668
1.11569
1.29236
1.46656
1.11482
1.11274
1.48336
1.11486
1.11574
1.1161
1.11558
1.20562
1.11566
1.11541
1.11679
1.11924
1.11263
1.11801
1.11534
1.11532
1.11461
1.11764
1.11747
1.11774
1.11764
1.11603
1.11284
1.11404
1.1161
1.11652
1.1128
1.11347
1.11571
1.11666
1.11411
2.91921
1.54043
1.11565
1.11815
1.11832
1.11402
1.11591
1.11747
1.1158
1.11622
1.11465
1.11356
1.38815
1.36163
1.11561
1.1173
1.11628
1.21166
1.3205
1.11447
1.11709
1.11264
1.11525
1.09237
1.19413
1.11492
1.11833
1.11513
1.11478
1.29453
1.35622
1.11527
1.11609
1.11517
1.11455
1.11337
1.27071
1.11493
1.11669
1.11445
1.11673
1.11365
1.11406
1.11403
1.21012
1.46858
1.11414
1.11637
1.1149
1.11539
1.19429
1.29969
1.1152
1.11535
1.11552
1.11489
1.11631
1.57174
1.11596
1.11418
1.11817
1.11581
1.1146
1.1144
1.11775
1.11618
1.54885
1.11647
1.11393
1.11479
1.11484
1.11559
1.1171
1.11729
1.11659
1.1174
1.12299
1.22012
1.10739
1.11726
1.11439
1.11654
1.11613
1.1734
1.38862
1.20019
1.61733
1.11384
1.11483
1.11554
1.43592
1.57726
1.33174
1.11643
1.11631
1.11516
1.1153
1.14092
1.39625
1.11764
1.11753
1.11423
1.11458
1.11642
1.11635
1.11479
1.50976
1.17206
1.11867
1.11326
1.11788
1.11921
1.59493
1.47459
1.11884
1.56019
1.19164
1.90645
1.90499
1.11619
1.11321
1.35437
1.67654
1.11476
1.11367
1.11472
1.11458
1.24074
1.26968
1.11312
1.11674
1.11603
1.11661
1.11574
1.11462
1.23334
1.1151
1.76193
1.22482
1.11578
1.11617
1.11513
1.11565
1.11507
1.11574
1.11564
1.11593
1.11437
1.21474
1.14841
1.11478
1.12221
1.11626
1.11704
1.1173
1.51262
1.28483
1.25012
1.11556
1.11512
1.11509
1.11632
1.49074
1.59136
1.42656
1.23639
1.27951
1.48465
1.27387
1.11697
1.31688
1.26794
1.91467
1.11557
1.18144
1.16062
1.11786
1.11541
1.11716
1.1163
1.11504
1.11558
1.11645
1.11562
1.11695
1.1156
1.11555
1.11659
1.11631
1.11839
1.12621
1.40874
1.22276
1.19881
1.33487
1.12567
1.1451
1.11618
1.11581
1.11606
1.11455
1.11455
1.11299
1.11588
1.11541
1.11799
1.11906
1.22513
1.50635
1.11464
1.11572
1.47447
1.115
1.11196
1.1146
1.11736
1.11673
1.2653
1.47852
1.11523
1.11469
1.1128
1.11555
1.11601
1.11567
1.11729
1.11547
1.11607
1.11193
1.11812
1.11849
1.28297
1.23904
1.11684
1.11573
1.11574
1.11291
1.11329
1.1167
1.37615
1.31621
1.11591
1.11853
1.1158
1.11644
1.11611
1.11607
1.11513
1.11727
1.11609
1.11571
1.11492
1.11597
1.11621
1.1172
1.11659
1.11704
1.11486
1.11438
1.11552
1.11458
1.11695
1.11707
1.11838
1.11683
1.32039
1.40959
1.40959
1.32039
1.40959
1.40959
1.11565
1.11804
1.11683
1.30826
1.33824
1.1156
1.11493
1.11782
1.11451
1.32375
1.26533
1.1174
1.41054
1.34142
1.11512
1.11551
1.11746
1.31858
1.33307
1.2371
1.39847
1.11623
1.11636
1.11507
1.11475
1.11334
1.11596
1.11516
1.11517
1.31331
1.44224
1.11554
1.11506
1.11606
1.11424
1.11696
1.11467
1.11355
1.11542
1.11625
1.11315
1.11441
1.11439
1.11552
1.11387
1.11743
1.11825
1.11579
1.12037
1.11495
1.11171
1.11571
1.24957
1.11583
1.1185
1.11487
1.11685
1.11508
1.71416
1.267
1.11561
1.18219
1.29529
1.11107
1.11392
1.11575
1.11463
1.11432
1.3126
1.11546
1.11453
1.11551
1.1158
1.1162
1.11642
1.11487
1.11537
1.11416
1.11539
1.11701
1.11522
1.11585
1.11521
1.11307
1.11559
1.11855
1.11511
1.11755
1.11378
1.11432
1.11432
1.33924
1.19095
1.19095
1.11494
1.11705
1.11374
1.11773
1.11427
1.11253
1.11667
1.11527
1.11524
1.12105
1.11705
1.14372
1.51228
1.11493
1.11825
1.11448
1.11736
1.12039
1.11902
1.11426
1.11434
1.11706
1.11423
1.11515
1.11588
1.11513
1.25992
1.26095
1.11479
1.39767
1.16274
1.11639
1.11643
1.11665
1.11448
1.11647
1.11427
1.15277
1.20956
1.11791
1.16635
1.16635
1.33935
1.11796
1.11278
1.11588
1.11613
1.11618
1.1164
1.11558
1.60242
1.11335
1.11612
1.11672
1.11381
1.11815
1.11525
1.41925
1.20729
1.11515
1.11715
1.11587
1.11731
1.11512
1.11594
1.1169
1.11587
1.1155
1.11317
1.11569
1.53643
1.11409
1.11464
1.11556
1.11416
1.11559
1.11384
1.11299
1.11427
1.11687
1.11331
1.11539
1.11706
1.12027
1.11571
1.11563
1.11454
1.15905
1.65135
1.20613
1.933
1.31017
1.11732
1.11602
1.11745
1.11605
1.11486
1.11333
1.11526
1.11718
1.11681
1.9694
1.30332
1.9694
1.30332
1.10604
1.30332
1.9694
1.30332
1.9694
1.30332
1.10604
1.30332
1.33873
1.09242
1.09242
1.66385
1.13839
1.09242
1.09242
1.33873
1.09242
1.09242
1.66385
1.13839
1.09242
1.09242
1.88123
1.91424
1.69081
1.19075
1.91424
1.69081
1.19075
1.9145
1.32407
1.69081
1.19075
1.19075
1.63972
1.39114
1.43734
1.17087
1.39114
1.43734
1.17087
1.39551
1.23489
1.43734
1.17087
1.17087
1.33412
1.44946
1.33412
1.44946
1.24206
1.44946
1.54007
1.33139
1.54007
1.33139
1.13895
1.33139
1.11454
1.11542
1.1141
1.16387
1.33951
1.33951
1.33841
1.13768
1.48615
1.1159
1.17396
1.422
1.11531
1.11363
1.12494
1.11662
1.1108
1.11522
1.11604
1.1149
1.11538
1.11819
1.11545
1.11516
1.11739
1.1145
1.11457
1.11425
1.11643
1.17221
1.0921
1.5958
1.15933
1.115
1.11409
1.11308
1.11405
1.53866
2.4013
1.30309
1.36527
1.11719
1.11468
1.11617
1.27095
1.52692
1.11678
1.11612
1.11704
1.1189
1.11837
1.11502
1.11278
1.11642
1.11664
1.11321
1.11584
1.11597
1.11507
1.48713
1.11601
1.11594
1.11461
1.11751
1.11385
1.21177
1.84093
1.37838
1.33054
1.1155
1.1198
1.11627
1.11503
1.11632
1.24315
1.47433
1.11878
1.11527
1.11617
1.11783
1.4266
1.13861
1.3206
2.47668
1.11765
1.11542
1.17836
1.25669
1.23375
1.15572
1.14806
1.1449
1.14676
1.11676
1.11676
1.11595
1.62385
1.11528
1.11374
1.11699
1.11803
1.11487
1.11622
1.11563
1.11682
1.11556
1.11921
1.11721
1.11688
1.25035
1.18451
1.21675
1.34521
1.11472
1.11788
1.11569
1.11286
1.11613
1.11587
1.11752
1.11868
1.11601
1.11873
1.11604
1.11317
1.11805
1.11359
1.42381
1.11607
1.11615
1.11383
1.11539
1.25619
1.14358
1.11665
1.11569
1.11541
1.16784
1.33096
1.11346
1.1159
1.11592
1.33783
1.32722
1.11759
1.11492
1.1156
1.2925
1.21725
1.11476
1.11462
1.11502
1.21867
1.6026
1.11408
1.1165
1.11391
1.17654
1.18401
1.11523
1.11572
1.11047
1.39991
1.44748
1.11627
1.11505
1.11496
1.11598
1.11479
1.10849
1.70194
1.10055
1.11666
1.46706
1.20783
1.1148
1.18655
1.38388
1.25756
1.21936
1.11488
1.11582
1.11571
1.11585
1.11381
1.11578
1.11506
1.30216
1.61962
1.11861
1.21845
1.16012
1.11187
1.11621
1.84534
1.11524
1.11369
1.11452
1.11662
1.16223
1.0948
1.11508
1.11429
1.11647
1.11633
1.21123
1.37632
1.11441
1.11716
1.11485
1.11617
1.11732
1.11583
1.11355
1.11691
1.11464
1.35219
1.32939
1.32183
2.10952
1.11626
1.11331
1.09796
1.73875
1.11482
1.11328
1.39524
1.38288
1.11562
1.63764
1.11622
1.11529
1.11519
1.11335
1.11557
1.11602
1.11548
1.11559
1.11691
1.11527
1.11578
1.11771
1.1168
1.11469
1.115
1.11509
1.11432
1.11481
1.11633
1.1166
1.13855
1.13855
1.32669
1.33401
1.33401
1.11426
1.11672
1.11418
1.11477
1.11781
1.11757
1.1149
1.11604
1.11634
1.11629
1.12456
1.15843
1.11577
1.11354
1.14289
1.41708
1.11422
1.11516
1.11439
1.11557
1.11733
1.11672
1.11503
1.1147
1.11688
1.45932
1.3261
1.11642
1.11665
1.11393
1.11884
1.11504
1.11457
1.11493
1.11546
1.11456
1.11622
1.11658
1.11485
1.11472
1.11457
1.11583
1.1154
1.11597
1.11561
1.11512
1.11649
1.2043
1.44852
1.11774
1.1421
1.13869
1.11561
1.11635
1.11572
1.1143
1.11307
1.11545
1.11597
1.11587
1.11396
1.11177
1.11937
1.11539
1.11749
1.1117
1.11998
1.1128
1.11931
1.11481
1.1171
1.11547
1.11581
1.09698
1.11444
1.11633
1.11718
1.11521
1.56263
1.42462
1.23256
1.46591
1.1169
1.42938
1.28781
1.28781
1.42938
1.28781
1.28781
1.11699
1.11515
1.11549
1.12008
1.11818
1.11491
1.13763
1.55481
1.11582
1.27939
1.29286
1.11729
1.11361
1.11586
1.37495
1.52611
1.11788
1.11627
1.11591
1.11437
1.11761
1.11659
1.11461
1.11566
1.11715
1.11755
1.11468
1.11449
1.1142
1.11448
1.11644
1.1156
1.11573
1.11689
1.11444
1.11419
1.11143
1.2084
1.28291
1.11516
1.11456
1.55159
1.34016
1.11456
1.11735
1.11448
1.11654
1.11373
1.11588
1.11469
1.11436
1.11569
1.11206
1.11623
1.11612
1.11562
1.11715
1.22365
1.10297
1.11599
1.11677
1.11735
1.11207
1.11443
1.11851
1.11708
1.11586
1.11524
1.11499
1.1196
1.11657
1.1159
1.11371
1.11505
1.11523
1.11606
1.11523
1.11415
1.11589
1.1151
1.11843
1.11521
1.11571
1.11673
1.11601
1.11599
1.11266
1.1151
1.24741
1.11449
1.11808
1.11727
1.11352
1.11451
1.11615
1.11679
1.11455
1.1163
1.11631
1.11623
1.11606
1.11561
1.11982
1.16242
1.21888
1.11539
1.11372
1.11332
1.11569
1.11456
1.11596
1.11583
1.11577
1.11587
1.11597
1.11532
1.12561
1.39774
1.11588
1.11502
1.11412
1.11664
1.11539
1.1137
1.11375
1.09196
1.26836
1.11484
1.09174
2.24316
1.1154
1.11509
1.11513
1.11771
1.11618
1.31633
1.38304
1.11433
1.11541
1.10007
1.80235
1.11509
1.11733
1.11465
1.13137
1.27731
1.11476
1.11594
1.1143
1.11842
1.11571
1.11917
1.11688
1.11558
1.54761
1.28242
1.46843
1.11636
1.11412
1.16975
1.08064
1.11614
1.11228
1.11625
1.11314
1.11644
1.11564
1.11688
1.11486
1.11672
1.11525
1.11408
1.11709
1.11739
1.11606
1.11359
1.11492
1.11865
1.1137
1.20023
1.22564
1.1157
1.11458
1.09
1.11571
1.31602
1.1143
1.11734
1.11663
1.56153
1.51229
1.11745
1.11835
1.11487
1.11797
1.11457
1.11733
1.11592
1.11507
1.1165
1.11328
1.11576
1.3345
1.38693
1.11755
1.11584
1.11616
1.11648
1.11791
1.11392
1.24424
1.16162
1.11633
1.11439
1.1161
1.11565
1.11265
1.11591
1.11321
1.11832
1.11439
1.11414
1.11615
1.11308
1.42585
1.42607
1.11628
1.11578
1.11462
1.09358
1.11509
1.11488
1.11558
1.11567
1.11407
1.13534
1.11359
1.11738
1.11613
1.11648
1.11642
1.11171
1.11959
1.11631
1.2506
1.11663
1.11709
1.11111
1.11723
1.1154
1.11331
1.11594
1.11558
1.55267
1.54026
1.30299
1.22916
1.17928
1.32483
1.11493
1.11563
1.11769
1.11752
1.11583
1.11717
1.11622
1.11598
1.1167
1.11548
1.11792
1.11478
1.11526
1.11661
1.11689
1.11603
1.11336
1.11855
1.11636
1.29387
1.29387
1.3408
1.11366
1.11703
1.11473
1.11625
1.11594
1.11439
1.11782
1.11649
1.11563
1.11581
1.11498
1.11843
1.1163
1.15767
1.46418
1.11578
1.11587
1.11571
1.37092
1.29503
1.11624
1.11527
1.11356
1.11508
1.11475
1.11552
1.11533
1.49308
1.11754
1.11406
1.17983
1.24127
1.11699
1.11662
1.11742
1.11549
1.11518
1.21727
1.63006
1.25824
1.26997
1.1174
1.11479
1.11662
1.11612
1.11634
1.11764
1.11705
1.11599
1.16576
1.48271
1.11531
1.29126
1.43033
1.12922
1.53292
1.11791
1.11781
1.4554
1.11123
1.11184
1.11154
1.11388
1.17717
1.48196
1.11784
1.11564
1.11603
1.11536
1.1156
1.11432
1.16301
1.11606
1.1154
1.11623
1.11738
1.11656
1.34298
1.35859
1.11618
1.11737
1.54814
1.21373
1.21373
1.33706
1.27121
1.27121
1.11642
1.12433
1.11453
1.25163
1.25261
1.11632
1.11492
1.11419
1.11795
1.1153
1.11558
1.11543
1.11476
1.31977
1.48849
1.19445
1.22062
1.11655
1.11457
1.118
1.11554
1.11435
1.11366
1.1158
1.11488
1.45547
1.41092
1.11472
1.11685
1.46838
1.29569
1.40168
1.17616
1.1161
1.11612
1.11356
1.11545
1.1167
1.11446
1.11564
1.11717
1.11588
1.11505
1.1324
1.11538
1.11846
1.11478
1.11535
1.11354
1.4545
1.11762
1.11743
1.11511
1.25435
1.12775
1.11723
1.11613
1.11692
1.11622
1.11578
1.10625
1.12987
1.11506
1.11526
1.11661
1.11335
1.11574
1.11688
1.11779
1.28632
1.19071
1.5985
1.11615
1.11616
1.11521
1.11596
1.16229
1.2986
1.1162
1.22322
1.74491
1.08143
1.1152
1.1185
1.20784
1.73074
1.11962
1.11419
1.11554
1.11509
1.11769
1.11185
1.11232
1.11697
1.11438
1.16032
1.51828
1.11491
1.11491
1.11473
1.6267
1.11511
1.11551
1.11715
1.11642
1.11707
1.41139
1.11465
1.19887
1.28794
1.11597
1.11481
1.11478
1.1161
1.19553
1.242
1.11244
1.11319
1.11555
1.11633
1.11441
1.11384
1.11619
1.11525
1.11603
1.1149
1.11628
1.11263
1.11375
1.11503
1.11778
1.21665
1.11366
1.11407
1.11524
1.2095
1.55114
1.11686
1.11683
1.11666
1.11487
1.11538
1.11596
1.11528
1.11696
1.11718
1.11464
1.11688
1.11685
1.11474
1.11672
1.11875
1.1161
1.16629
1.33023
1.1167
1.11684
1.34789
1.34385
1.11498
1.1073
1.11556
1.11485
1.11748
1.11723
1.11647
1.12495
1.20129
1.11619
1.43303
2.30686
1.11711
1.11445
1.27878
1.71834
1.1151
1.19386
1.77062
1.11419
1.11364
1.11703
1.08384
1.271
1.11661
1.11299
1.24174
1.11615
1.1137
1.11567
1.11521
1.11589
1.11539
1.115
1.11515
1.11477
1.11736
1.11534
1.11506
1.09485
1.09672
1.11827
1.11482
1.11692
1.11596
1.36738
1.11373
1.11568
1.11676
1.17123
1.11301
1.11591
1.11603
1.11677
1.11553
1.11171
1.11717
1.11584
1.11788
1.11757
1.11641
1.12016
1.11528
1.11643
1.11394
1.11527
1.11696
1.20771
1.32864
1.11529
1.11464
1.41794
1.20163
1.11864
1.1169
1.11593
1.11746
1.34381
1.11614
1.11551
1.11933
1.11604
1.11458
1.11424
1.11435
1.11592
1.11775
1.11605
1.11612
1.11593
1.11293
1.11681
1.1165
1.11515
1.11507
1.11568
1.11667
1.82027
1.17914
1.11287
1.11603
1.11511
1.11932
1.11503
1.20043
1.20166
1.11482
1.11511
1.11263
1.11498
1.1132
1.11572
1.11544
1.11579
1.11597
1.11641
1.11573
1.33588
1.31807
1.18608
1.29963
1.1145
1.11544
1.11575
1.11701
1.11419
1.11515
1.11587
1.11179
1.11651
1.11628
1.1197
1.11572
1.118
1.11621
1.149
1.16417
1.11679
1.36419
1.30902
1.11502
1.11934
1.11492
1.11408
1.11441
1.11852
1.11684
1.1147
1.11734
1.11477
1.11422
1.11572
1.11625
1.11836
1.11586
1.11428
1.11558
1.11505
1.11664
1.11375
1.11437
1.11479
1.44829
1.26922
1.11567
1.11733
1.11502
1.11663
1.38884
1.47131
1.11584
1.11393
1.11858
1.12008
1.39469
1.27657
1.11734
1.11334
1.11756
1.1139
1.11426
1.11526
1.38603
1.11475
1.11534
1.11572
1.11541
1.1151
1.1121
1.23513
1.10198
1.11636
1.11415
1.11464
1.11721
1.11579
1.11578
1.11627
1.11674
1.11445
1.11611
1.11841
1.11589
1.1167
1.49311
1.23086
1.11609
1.11522
1.11594
1.11568
1.11802
1.11633
1.11594
1.44578
1.11812
1.11598
1.11876
1.36432
1.75167
1.11301
1.11552
1.11755
1.13178
1.36004
1.11538
1.1156
1.11484
1.11538
1.11471
1.11768
1.73511
1.43444
1.43444
1.73511
1.43444
1.43444
1.1143
1.11589
1.11467
1.11555
1.11284
1.11614
1.11604
1.24624
1.55001
1.11563
1.10745
1.70566
1.11697
1.13954
1.25108
1.11287
1.11777
1.11594
1.11577
1.23929
1.28807
1.1137
1.11351
1.11628
1.29266
1.14728
1.12466
1.36329
1.11396
1.23834
1.29543
1.11473
1.11692
1.11686
1.11683
1.11864
1.22126
1.11537
1.11532
1.11667
1.11458
1.11619
1.11537
1.11451
1.11371
1.11625
1.11478
1.11502
1.11531
1.11817
1.11699
1.11551
1.11337
1.11726
1.11529
1.19859
1.11509
1.1065
1.11864
1.11427
1.11695
1.11453
1.37841
1.37841
1.33923
1.20575
1.36662
1.36662
1.11609
1.11612
1.22569
1.13886
1.11749
1.11548
1.18807
1.60562
1.11324
1.11706
1.11485
1.15193
1.18965
1.11499
1.11525
1.11532
1.1166
1.11499
1.86408
1.11582
1.1156
1.11349
1.09454
1.15583
1.11591
1.11564
1.11232
1.11673
1.21516
1.45836
1.11452
1.11462
1.11532
1.11614
1.11708
1.11677
1.28396
1.2139
1.11693
1.11726
1.11629
1.11528
1.11701
1.1585
1.11616
1.11682
1.11497
1.11462
1.11369
1.11545
1.11852
1.11693
1.11722
1.11564
1.11764
1.11591
1.11509
1.11476
1.11763
1.11586
1.11684
1.11403
1.11465
1.45254
1.11537
1.11561
1.11208
1.25841
1.11658
1.11429
1.17628
1.33958
1.11436
1.11479
1.29744
1.26823
1.11456
1.11415
1.58336
1.39663
1.1164
1.11631
1.31967
1.36399
1.11667
1.11818
1.11523
1.11678
1.11483
1.11782
1.49031
1.10243
1.11683
1.11599
1.11636
1.11537
1.11472
1.36412
1.27844
1.27844
1.36412
1.27844
1.27844
1.11884
1.11315
1.11626
1.1155
1.11699
1.11604
1.11657
1.11672
1.11602
1.11325
1.11416
1.09625
2.04979
1.11603
1.19978
1.11462
1.13586
1.30469
1.11526
1.11691
1.11471
1.11713
1.11336
1.11908
1.11602
1.11636
1.1153
1.11587
1.11311
1.11499
1.1149
1.11282
1.11603
1.11501
1.11569
1.11484
1.11774
1.11414
1.11751
1.11763
1.11401
1.16685
1.13745
1.11579
1.11016
1.11162
1.27715
1.38095
1.11491
1.11563
1.11559
1.16225
1.10562
1.11595
1.11429
1.11663
1.11175
1.11509
1.11627
1.11502
1.11442
1.11735
1.11658
1.11746
1.115
1.38533
1.19055
1.29132
1.11542
1.11351
1.11606
1.11638
1.11545
1.11981
1.11353
1.11407
1.11565
1.11546
1.11609
1.11724
1.11646
1.21955
1.14309
1.11415
1.11773
1.11607
1.53247
1.44582
1.11467
1.1165
1.11723
1.11613
1.55238
1.11472
1.11573
1.10394
1.19963
1.11631
1.11725
1.11591
1.11491
1.11641
1.11829
1.1154
1.28077
1.29591
1.14882
1.44332
1.11713
1.11604
1.11642
1.11287
1.11447
1.11596
1.11391
1.41652
1.11568
1.11725
1.1161
1.11542
1.11594
1.11834
1.11569
1.11531
1.36861
1.374
1.11597
1.11664
1.11505
1.11653
1.11537
1.11648
1.11346
1.12057
1.11707
1.11769
1.11608
1.14626
1.10235
1.11736
1.11584
1.43276
1.26871
1.11649
1.11407
1.11635
1.11497
1.11574
1.11496
1.11558
1.58268
1.11732
1.1156
1.11307
1.16438
1.25263
1.11718
1.11565
1.09706
1.17665
1.11665
1.11745
1.19368
1.11543
1.11614
1.11606
1.11604
1.11404
1.11506
1.11568
1.11388
1.1152
1.16101
1.40231
1.11481
1.11641
1.2644
1.47652
1.11916
1.11622
1.11553
1.11804
1.17315
1.38504
1.11705
1.11672
1.14712
1.38949
1.11519
1.11745
1.11577
1.1153
1.11683
1.79419
1.11598
1.11609
1.11672
1.11548
1.11576
1.11483
1.11434
1.11561
1.11321
1.1156
1.11544
1.14648
1.13905
1.11579
1.11411
1.11497
1.10365
1.17083
1.11648
1.11608
1.11662
1.11694
1.11445
1.11675
1.11642
1.11235
1.11357
1.13399
1.3328
1.11454
1.11681
1.11212
1.11553
1.11568
1.11615
1.11595
1.11504
1.11759
1.31259
1.17245
1.11625
1.1184
1.12575
1.12385
1.11519
1.11731
1.12
1.11203
1.11706
1.1148
1.1157
1.11722
1.11645
1.11671
1.11876
1.24974
1.33357
1.1185
1.11479
1.11529
1.11589
1.39814
1.22967
1.11656
1.49765
1.51102
1.11651
1.18264
1.5142
1.5142
1.34088
1.37319
1.37319
1.11533
1.11481
1.11448
1.67374
1.1161
1.11511
1.11564
1.11525
1.11525
1.12013
1.11601
1.1186
1.35792
1.27099
1.11825
1.11559
1.11214
1.11277
1.24244
1.34338
1.47248
1.37925
1.11561
1.11522
1.11195
1.46629
1.19253
1.09396
1.49991
1.11713
1.11829
1.11389
1.11625
1.11442
1.11579
1.11771
1.11601
1.11542
1.11495
1.11379
1.11597
1.11619
1.11618
1.87089
1.50059
1.1164
1.11739
1.11514
1.11553
1.09328
1.09328
1.33407
1.12235
1.12235
1.11876
1.11889
1.11687
1.11171
1.11455
1.11735
1.23226
1.2278
1.11583
1.11911
1.11889
1.11703
1.1143
1.1127
1.11508
1.11545
1.11616
1.11506
1.11495
1.11644
1.11686
1.1203
1.11533
1.11623
1.11743
1.11754
1.11519
1.11544
1.11376
1.11587
1.11538
1.1167
1.1165
1.51123
1.22243
1.28392
1.22243
1.28392
1.28392
1.51123
1.22243
1.28392
1.22243
1.28392
1.28392
1.34146
1.4657
1.4657
1.51388
1.34144
1.34144
1.11563
1.1153
1.33145
1.82633
1.11709
1.11338
1.11253
1.11579
1.11733
1.1199
1.11594
1.11622
1.1165
1.1155
1.18239
1.32645
1.1167
1.10911
1.13251
1.11586
1.11816
1.11931
1.27866
1.40301
1.11804
1.11471
1.11504
1.11215
1.13345
1.11503
1.1133
1.11589
1.28669
1.28669
1.28669
1.28669
1.28669
1.28669
1.32549
1.35968
1.35968
1.49991
1.31599
1.31599
1.11896
1.12282
1.12005
1.11586
1.11811
1.11917
1.19242
1.23178
1.11562
1.11811
1.1155
1.24136
1.15296
1.11628
1.11753
1.11423
1.09757
1.11108
1.11706
1.11618
1.16746
1.46281
1.11211
1.11561
1.44095
1.11573
1.11693
1.11658
1.11624
1.1155
1.11335
1.17029
1.11463
1.11542
1.11354
1.11682
1.11624
1.11346
1.11893
1.11449
1.11435
1.11537
1.11447
1.11675
1.53965
1.21758
1.11573
1.11817
1.11602
1.11553
1.11713
1.11743
1.11547
1.11623
1.21212
1.10604
1.11423
1.16044
1.28019
1.31614
1.50907
1.11587
1.11599
1.11709
1.11778
1.11539
1.11806
1.11608
1.11899
1.11375
1.11516
1.11416
1.11521
1.11646
1.15878
1.14446
1.11533
1.11524
1.11617
1.11556
1.11577
1.20286
1.95067
1.11544
1.11438
1.11269
1.11434
1.3665
1.1179
1.11415
1.11667
1.11785
1.18383
2.27451
1.11593
1.11481
1.11912
1.11604
1.16651
1.11588
1.11685
1.11476
1.36038
1.11929
1.11728
1.1137
1.11368
1.11609
1.11708
1.11535
1.11642
1.11608
1.11618
1.1157
1.11626
1.11432
1.12488
1.11781
1.1161
1.11932
1.34567
1.34091
1.28123
1.11356
1.11429
1.15806
1.28076
1.11336
1.11604
1.11602
1.11329
1.11651
1.28499
1.10719
1.11626
1.45704
1.11708
1.11977
1.37262
1.56911
1.32927
1.47542
1.1153
1.11564
1.11526
1.11574
1.27047
1.29887
1.11646
1.48891
1.32695
1.11657
1.55647
1.11704
1.11907
1.24891
1.31023
1.11499
1.11552
1.11558
1.11279
1.14022
1.39888
1.19384
1.11534
1.1217
1.21043
1.12048
1.11707
1.37322
1.63167
1.11554
1.11668
1.11909
1.11758
1.20192
1.60425
1.1146
1.11604
1.11564
1.11573
1.11448
1.1145
1.1158
1.1175
1.1137
1.11514
1.27728
1.30652
1.11567
1.34268
1.2918
1.11493
1.11654
1.11548
1.11647
1.11413
1.115
1.11612
1.12019
1.11526
1.11541
1.11499
1.11516
1.11483
1.11597
1.12123
1.2314
1.1149
1.11549
1.11676
1.11665
1.11569
1.15969
1.12589
1.11589
1.11542
1.11323
1.11394
1.21492
1.16325
1.11578
1.11618
1.11574
1.11497
1.11995
1.11111
1.34202
1.11534
1.11605
1.11509
1.1173
1.11317
1.11773
1.11605
1.08503
1.22454
1.11673
1.11589
1.11695
1.11619
1.11428
1.11782
1.1159
1.11755
1.11584
1.11553
1.11598
1.11535
1.1157
1.11522
1.11542
1.11535
1.11596
1.11352
1.1166
1.11598
1.11848
1.11719
1.11568
1.11349
1.11461
1.1148
1.11591
1.11573
1.11709
1.116
1.11407
1.11586
1.18531
1.1277
1.11621
1.11375
1.11709
1.11437
1.114
1.11477
1.11653
1.11528
1.11644
1.11541
1.1725
1.28904
1.21031
1.11474
1.2943
1.1464
1.11447
1.23095
1.1318
1.1153
1.11647
1.11527
1.11483
1.11287
1.11701
1.11637
1.11475
1.12945
1.12266
1.11525
1.1157
1.36491
1.37222
1.11422
1.11625
1.11406
1.45604
1.668
1.11495
1.11618
1.11437
1.11623
1.11689
1.11448
1.11705
1.11975
1.13432
1.11815
1.11568
1.24868
1.46481
1.11655
1.11323
1.44489
1.11616
1.11516
1.18715
1.10499
1.11677
1.27857
1.34509
1.11523
1.11603
1.3391
1.26427
1.11653
1.11401
1.3565
1.11852
1.11415
1.11703
1.11429
1.11237
1.11656
1.11578
1.11551
1.11648
1.11552
1.11507
1.10692
1.08739
1.08739
1.32497
1.20932
1.20932
1.11599
1.11686
1.11746
1.11514
1.12076
1.15761
1.1143
1.11461
1.11681
1.11285
1.11104
1.11672
1.11652
1.11512
1.11546
1.11448
1.11525
1.1156
1.11447
1.23232
1.47938
1.17124
1.11553
1.11282
1.11753
1.11609
1.11901
1.11769
1.11709
1.11367
1.11589
1.11557
1.11541
1.50427
1.26105
1.11622
1.11733
1.11441
1.11656
1.19968
1.11606
1.11378
1.11584
1.25102
1.32004
1.11316
1.11465
1.16333
1.08348
1.15751
1.31376
1.11614
1.11512
1.24651
1.5878
1.29496
1.14332
1.11721
1.11562
1.11605
1.11556
1.11513
1.11593
1.11464
1.11552
1.11467
1.11905
1.11366
1.11513
1.1175
1.11584
1.11651
1.11644
1.2523
1.22795
1.11408
1.11531
1.11578
1.40214
1.18114
1.11555
1.11571
1.17742
1.45108
1.11505
1.11582
1.115
1.68415
1.11864
1.11588
1.11617
1.1156
1.11331
1.11528
1.56511
1.16087
1.4336
1.11438
1.11501
1.11355
1.14659
1.51261
1.12061
1.19418
1.11588
1.36698
1.35907
1.12555
1.31596
1.11705
1.11314
1.1162
1.11641
1.11483
1.11536
1.11631
1.1142
1.11382
1.11471
1.11707
1.11609
1.11588
1.11655
1.11528
1.25341
1.242
1.11491
1.11537
1.1153
1.11564
1.11709
1.1159
1.11657
1.1155
1.15507
1.52141
1.11668
1.11728
1.11561
1.11444
1.11638
1.11517
1.11514
1.08389
1.11457
1.11347
1.11204
1.1158
1.57272
1.83125
1.11371
1.11445
1.11593
1.11548
1.11609
1.51368
1.50471
1.11948
1.11544
1.11616
1.11661
1.1154
1.11722
1.11476
1.11597
1.56215
1.18637
1.11577
1.11734
1.26096
1.38084
1.11663
1.11503
1.11803
1.11613
1.11519
1.11471
1.11485
1.11542
1.11567
1.11524
1.11501
1.11476
1.11511
1.08746
1.1514
1.29917
1.11458
1.49064
1.26086
1.11409
1.11733
1.11614
1.11907
1.11611
1.11355
1.11587
1.11346
1.11414
1.11556
1.11632
1.11426
1.11557
1.11717
1.1153
1.11465
1.11535
1.29456
1.25358
1.7105
1.67778
1.26418
1.51796
1.11573
1.1148
1.20141
1.11804
1.11512
1.11452
1.1766
2.09481
1.25941
1.11477
1.38319
1.32033
1.11585
1.18225
1.29031
1.11474
1.11501
1.11687
1.11595
1.11244
1.11567
1.08057
1.55822
1.20212
1.11692
1.11659
1.11564
1.1146
1.11594
1.20577
1.34519
1.11634
1.11367
1.11631
1.11468
1.15605
1.17623
1.26144
1.67523
1.11626
1.68796
1.20469
1.1165
1.42932
1.36693
1.11531
1.11363
1.51262
1.3512
1.11492
1.12827
1.47879
1.11683
1.1173
1.11502
1.12548
1.53648
1.11491
1.11537
1.11705
1.15849
1.13527
1.11608
1.116
1.11896
1.11477
1.30354
1.2788
1.11422
1.1194
1.11628
1.11701
1.11739
1.11726
1.11658
1.11492
1.11644
1.13773
1.16043
1.11559
1.11504
1.11758
1.11592
1.11366
1.11488
1.29242
1.11374
1.11461
1.11606
1.11574
1.11379
1.11541
1.18257
1.29294
1.11653
1.1156
1.11668
1.11592
1.11592
1.19878
1.09726
1.11555
1.1155
1.11498
1.11614
1.11861
1.11721
1.11574
1.11827
1.11457
1.24189
1.24919
1.11438
1.11613
1.1152
1.11465
1.11611
1.11592
1.3344
1.56729
1.25546
1.69375
1.11511
1.11719
1.11395
1.21622
1.80931
1.11337
1.11464
1.11582
1.11732
1.11459
1.11658
1.11511
1.11594
1.11831
1.11558
1.27937
1.17427
1.11361
1.11502
1.11533
1.11542
1.11634
1.11626
1.11631
1.36479
1.19134
1.1124
1.11319
1.1157
1.11668
1.11392
1.11477
1.1163
1.11501
1.11666
1.33884
1.18008
1.11627
1.11727
1.11589
1.11277
1.11573
1.26884
1.11799
1.11786
1.11797
1.19706
1.09477
1.11746
1.11438
1.11813
1.11611
1.11604
1.11527
1.1147
1.11574
1.1152
1.11793
1.11449
1.11714
1.11612
1.28446
1.39181
1.11716
1.11585
1.11524
1.11432
1.11574
1.11506
1.11514
1.11522
1.11682
1.11671
1.11446
1.11424
1.11504
1.11516
1.11653
1.11648
1.11574
1.11132
1.30203
1.36271
1.11468
1.11537
1.11418
1.11397
1.11762
1.11312
1.11684
1.11487
1.11965
1.11672
1.21517
1.66665
1.11367
1.11489
1.11541
1.09298
1.27405
1.11469
1.11585
1.11643
1.1775
1.32298
1.11808
1.11773
1.11673
1.11032
1.1139
1.11483
1.11661
1.11909
1.11425
1.11503
1.11532
1.11474
1.11589
1.11713
1.11494
1.11555
1.11596
1.11519
1.11536
1.11621
1.11593
1.11618
1.11654
1.49089
1.11603
1.11491
1.11431
1.21431
1.115
1.57791
1.11325
1.11806
1.11671
1.11627
1.11692
1.11581
1.08787
1.34413
1.11604
1.11592
1.11578
1.11625
1.19073
1.16425
1.11636
1.14307
1.21707
1.11893
1.1153
1.11564
1.1152
1.11491
1.17745
1.09239
1.1154
1.11602
1.11774
1.11718
1.15849
1.27119
1.11538
1.11565
1.11301
1.30841
1.11516
1.11671
1.41273
1.1412
1.6785
1.29211
1.15768
1.63429
1.3389
1.11701
1.11705
1.11401
1.28581
1.10967
1.11762
1.11526
1.1168
1.11569
1.11534
1.1145
1.11653
1.11387
1.11646
1.11443
1.11546
1.11711
1.11564
1.11711
1.11483
1.11564
1.11529
1.11209
1.13827
1.11407
1.11617
1.11616
1.21615
1.11587
1.11543
1.11617
1.11694
1.25511
1.11651
1.11563
1.93235
1.11379
1.11541
1.11787
1.11347
1.1171
1.11452
1.11369
1.11535
1.11799
1.11731
1.11587
1.11735
1.11638
1.14398
1.18367
1.24769
1.40196
1.1143
1.11713
1.11665
1.11955
1.11338
1.11614
1.15538
1.47571
1.11428
1.11395
1.11647
1.18687
1.32943
1.11837
1.1147
1.11302
1.11332
1.11535
1.11601
1.1126
1.08755
1.99069
1.11689
1.11506
1.11339
1.11568
1.11485
1.11327
1.1163
1.1169
1.11563
1.11554
1.11766
1.11094
1.12945
1.11592
1.11587
1.11479
1.11653
1.11565
1.11618
1.11567
1.11566
1.43987
1.29997
1.29997
1.43987
1.29997
1.29997
1.1138
1.11447
1.11701
1.11444
1.11615
1.11527
1.19745
1.11404
1.11572
1.11552
1.11497
1.11523
1.11683
1.20731
1.71468
1.1145
1.12013
1.11221
1.11394
1.37108
1.27046
1.11279
1.11485
1.11787
1.11654
1.19065
1.28903
1.1161
1.11635
1.11506
1.22188
1.73905
1.11387
1.11528
1.1119
1.11685
1.11367
1.11476
1.11625
1.45541
1.11188
1.11762
1.11647
1.116
1.11602
1.11779
1.11617
1.11442
1.11873
1.11665
1.11419
1.2878
1.11471
1.11952
1.09203
1.11375
1.45064
1.20991
1.11729
1.14575
1.11554
1.11385
1.11497
1.11431
1.11697
1.12161
1.11464
1.11693
1.11382
1.11738
1.11521
1.25756
1.26617
1.11634
1.11854
1.11673
1.21617
1.17206
1.11644
1.11531
1.1175
1.11573
1.11522
1.11511
1.16868
1.11728
1.11415
1.11719
1.11366
1.11775
1.57036
1.5557
1.11388
1.11542
1.11514
1.19438
1.09394
1.38263
1.19438
1.09394
1.09394
1.09394
1.19438
1.09394
1.38263
1.19438
1.09394
1.09394
1.09394
1.17143
1.12481
1.32554
1.12481
1.12481
1.32572
1.20943
1.52654
1.20943
1.20943
1.32572
1.20943
1.52654
1.20943
1.20943
1.31096
1.25994
1.69785
1.31096
1.25994
1.25994
1.25994
1.4932
1.30374
1.75432
1.30374
1.30374
1.11601
1.11509
1.11608
1.1148
1.11431
1.2061
1.1433
1.11637
1.13912
1.73297
1.11419
1.11415
1.11519
1.1164
1.1139
1.18264
1.14139
1.11597
1.11443
1.1155
1.11565
1.13582
1.14094
1.11366
1.11317
1.11195
1.11643
1.23098
1.11422
1.11549
2.09177
1.96589
1.11449
1.11537
1.2033
1.52365
1.11463
1.11988
1.1166
1.11572
1.11474
1.11513
1.11571
1.11515
1.19134
1.24184
1.11313
1.25422
1.50994
1.11498
1.12725
1.11596
1.11904
1.47732
1.57034
1.11474
1.20316
1.27333
1.11755
1.80983
1.93772
1.11589
1.11645
1.11391
1.13784
1.1686
1.11533
1.11729
1.15835
1.15815
1.11701
1.11596
1.11708
1.27069
1.21615
1.21615
1.33717
1.4204
1.4204
1.80313
1.53749
1.53749
1.33841
1.28052
1.28052
1.82916
1.30437
1.30437
1.78446
1.32584
1.32584
1.116
1.36639
1.12638
1.11632
1.11654
1.11633
1.11627
1.41855
1.11545
1.2181
1.20245
1.11512
1.11504
1.11581
1.11604
1.15606
1.11646
1.11426
1.68527
1.1156
1.11252
1.11281
1.11518
1.11628
1.11537
1.53775
1.2153
1.11684
1.11271
1.11212
1.11905
1.11662
1.11704
1.35174
1.30096
1.16646
1.11628
1.11592
1.1156
1.116
1.11506
1.11544
1.11601
1.29796
1.24232
1.11627
1.11291
1.11473
1.11475
1.25332
1.27635
1.1104
1.11447
1.33995
1.11246
1.11503
1.22161
1.11513
1.11225
1.11485
1.11569
1.11662
1.45165
1.19641
1.33191
1.1156
1.11631
1.1149
1.11554
1.11607
1.11544
1.11491
1.11564
1.11851
1.11452
1.11702
1.11268
1.11557
1.11329
1.11604
1.11518
1.13535
1.09433
1.11551
1.11611
1.11495
1.3749
1.11791
1.11363
1.11436
1.11633
1.11455
1.11461
1.11646
1.11509
1.19471
1.139
1.11564
1.11339
1.11481
1.11519
1.11556
1.11498
1.11515
1.11571
1.11699
1.11657
1.11748
1.44231
1.28256
1.26899
1.28256
1.26899
1.26899
1.44231
1.28256
1.26899
1.28256
1.26899
1.26899
1.34118
1.34118
1.1165
1.11411
1.11677
1.11558
1.11503
1.11564
1.11502
1.11589
1.11575
1.1133
1.11308
1.11546
1.17091
1.17272
1.11649
1.11663
1.11773
1.11591
1.11683
1.11242
1.11164
1.11718
1.11576
1.11647
1.11567
1.11666
1.1162
1.11714
1.11526
1.11392
1.11688
1.11548
1.11522
1.116
1.11076
1.1156
1.11483
1.11364
1.11544
1.26314
1.68671
1.11313
1.11529
2.25166
1.94953
1.11436
1.11733
1.11461
1.11559
1.11598
1.11658
1.11629
1.1148
1.11558
1.11452
1.11592
1.1928
1.14794
1.11597
1.11657
1.11636
1.11581
1.11607
1.26464
1.23908
1.53811
1.58818
1.79843
1.11526
1.11629
1.20509
1.29331
1.11588
1.11531
1.11588
1.11279
1.14444
1.11449
1.10165
1.13121
1.11781
1.1172
1.1133
1.11495
1.11532
1.11665
1.11613
1.1157
1.11621
1.115
1.11398
1.11477
1.14826
1.18498
1.11687
1.2349
1.22988
1.11611
2.1314
1.11594
1.11677
1.11449
1.1177
1.0931
1.20495
1.11507
1.11751
1.54468
1.49265
1.11691
1.11582
1.11392
1.11553
1.11557
1.12005
1.11585
1.11967
1.25505
1.52772
1.11679
1.11547
1.11613
1.11398
1.11454
1.11678
1.11601
1.27162
2.09274
1.1154
1.11672
1.11583
1.11545
1.1143
1.11515
1.11744
1.1128
1.1161
1.1918
1.34817
1.11614
1.11242
1.1166
1.11776
1.11725
1.11756
1.11505
1.11877
1.11342
1.11698
1.11548
1.11605
1.11527
1.11668
1.20018
1.25143
1.11514
1.11745
1.11619
1.11508
1.11556
1.44867
1.2227
1.25031
1.25031
1.44867
1.2227
1.25031
1.25031
1.11499
1.11449
1.11577
1.11692
1.11569
1.11816
1.30006
1.28264
1.31196
1.25938
1.11423
1.11562
1.11518
1.11495
1.11349
1.11603
1.11285
1.11695
1.11595
1.11598
1.28769
1.11569
1.38164
1.33356
1.11481
1.11553
1.15527
1.48289
1.11317
1.11572
1.11683
1.2898
1.11679
1.11527
1.11013
1.11438
1.11953
1.08447
1.8884
1.11699
1.11606
1.54234
1.11781
1.11414
1.11648
1.14528
1.80133
1.11451
1.11759
1.11377
1.11724
1.1162
1.29618
1.47744
1.11502
1.50594
1.11389
1.11546
1.47718
1.18048
1.11597
1.11442
1.114
1.11715
1.11464
1.3443
1.17534
1.11383
1.1166
1.1152
1.11558
1.11636
1.1155
1.1154
1.10522
1.17549
1.11666
1.11617
1.11474
1.44605
1.11576
1.11462
1.09229
1.1168
1.20891
1.13314
1.11833
1.75141
1.26103
1.26103
1.75141
1.26103
1.26103
1.11514
1.34523
1.34232
1.1217
1.11518
1.11563
1.11591
1.11554
1.34614
1.46469
1.11572
1.11576
1.11669
1.11678
1.11681
1.11536
1.11591
1.1151
1.11641
1.23496
1.26447
1.78473
1.11482
1.11514
1.11521
1.11585
1.11604
1.38183
1.11513
1.11447
1.11224
1.11725
1.11441
1.11405
1.11589
1.1161
1.11592
1.1152
1.11441
1.11617
1.48801
1.44018
1.26818
1.70349
1.11607
1.11504
1.89875
1.59296
1.11521
1.11491
1.11926
1.12013
1.11279
1.11925
1.11634
1.11555
1.1156
1.3021
1.27441
1.11529
1.11906
1.11773
1.44554
1.115
1.11342
1.11506
1.11503
1.11625
1.2112
1.33462
1.11535
1.11571
1.11631
1.11387
1.11532
1.11703
1.11607
1.11458
1.11585
1.11549
1.1164
1.11572
1.11355
1.11479
1.39978
1.33844
1.63177
1.63177
1.11561
1.11807
1.11479
1.11496
1.0841
1.11133
1.15922
1.41284
1.11676
1.1141
1.31707
1.3688
1.31707
1.3688
1.3688
1.31707
1.3688
1.31707
1.3688
1.3688
1.32918
1.11432
1.11432
1.11432
1.11432
1.32918
1.11432
1.11432
1.11432
1.11432
1.32751
1.34271
1.32751
1.34271
1.34271
1.36953
1.32627
1.36953
1.32627
1.32627
1.11582
1.11505
1.11497
1.11599
1.1155
1.11758
1.11571
1.16193
1.41046
1.1161
1.2104
1.21099
1.11479
1.11567
1.11505
1.11629
1.1156
1.11578
1.2058
1.13042
1.11737
1.11612
1.11417
1.11713
1.28141
1.48339
1.11693
1.11629
1.74896
1.47053
1.11501
1.11687
1.1167
1.11778
1.11522
1.11223
1.11797
1.11823
1.11565
1.11483
1.80318
1.21447
1.21447
1.34088
1.44619
1.44619
1.11559
1.11474
1.11538
1.08626
1.11597
1.11776
1.11621
1.1171
1.11499
1.11384
1.1156
1.11849
1.11646
1.1149
1.11513
1.11558
1.11576
1.69514
1.30875
1.11684
1.11541
1.11432
1.11768
1.11572
1.11554
1.35396
1.42234
1.11438
1.11539
1.11539
1.11626
1.11619
1.19096
1.2391
1.11334
1.11487
1.11566
1.13606
1.12293
1.11573
1.11692
1.11532
1.11732
1.11673
1.11734
1.08715
1.27588
1.11779
1.67389
1.58935
1.1149
1.11642
1.11491
1.11773
1.11491
1.11729
1.11479
1.11639
1.11672
1.11447
1.11587
1.11686
1.21051
1.34614
1.23405
1.24951
1.11703
1.1132
1.115
1.11602
1.1173
1.11611
1.11644
1.11698
1.11268
1.11642
1.11528
1.11653
1.11554
1.28526
1.42407
1.11599
1.1153
1.11591
1.11584
1.10743
1.10314
1.11587
1.11588
1.11822
1.11579
1.11531
1.11722
1.11412
1.1155
1.11499
1.11481
1.11534
1.11499
1.11449
1.1137
1.11847
1.11648
1.11468
1.11691
1.1165
1.11551
1.11329
1.11689
1.32598
1.11676
1.11624
1.11775
1.11756
1.1152
1.10694
1.38005
1.20609
1.1164
1.11342
1.287
1.28277
1.11584
1.1168
1.11935
1.1154
1.42119
1.41414
1.11356
1.11568
1.11491
1.11549
1.1145
1.11497
1.31124
1.37018
1.11543
1.11697
1.11602
1.18099
1.22824
1.11213
1.11676
1.11443
1.11581
1.11591
1.11509
1.1163
1.11601
1.11512
1.11587
1.1263
1.11111
1.11494
1.11579
1.11499
1.11515
1.11366
1.11678
1.11525
1.24439
1.16844
1.11494
1.11629
1.11541
1.11727
1.11532
1.25515
1.30293
1.11473
1.11699
1.11375
1.11616
1.11647
1.26161
1.11256
1.60729
1.78073
1.11672
1.22451
1.63235
1.11631
1.11353
1.1149
1.32019
1.476
1.28334
1.11545
1.19836
1.37315
1.11717
1.11283
1.1164
1.11632
1.11638
1.22425
1.51332
1.11952
1.1118
1.11595
1.11802
1.1387
1.4275
1.116
1.11585
1.41526
1.1332
1.11618
1.11741
1.11381
1.11621
1.24394
1.11243
1.11701
1.11566
1.11525
1.11827
1.11548
1.11437
1.11395
1.11569
1.21956
1.27405
1.11361
1.11251
1.17869
1.18397
1.11663
1.11403
1.11421
1.19829
1.11581
1.11722
1.11342
1.11544
1.1163
1.11471
1.11513
1.11583
1.11577
1.11845
1.11712
1.11672
1.33816
1.20171
1.20171
1.20171
1.33816
1.20171
1.20171
1.20171
1.34118
1.29932
1.29932
1.29932
1.34118
1.29932
1.29932
1.29932
1.13316
1.36464
1.11636
1.11729
1.49824
1.26672
1.1169
1.13475
1.10225
1.11567
1.11642
1.11922
1.11816
1.11623
1.11624
1.11829
1.14558
1.20058
1.11257
1.11606
1.11656
1.11471
1.11599
1.1166
1.1165
1.11646
1.11495
1.1152
1.11488
1.30873
1.21744
1.25521
1.48942
1.11612
1.1141
1.11541
1.11421
1.11789
1.11634
1.11914
1.11614
1.11469
1.11538
1.11859
1.11286
1.11612
1.11424
1.29866
1.44384
1.1164
1.11345
1.11603
1.11508
1.11499
1.11656
1.11491
1.11392
1.11468
1.11906
1.11801
1.11658
1.11537
1.11744
1.11553
1.1375
1.36569
1.11484
1.11532
1.1153
1.11237
1.11569
1.11705
1.11469
1.11551
1.11606
1.11509
1.11428
1.11613
1.11547
1.11415
1.11523
1.11815
1.1175
1.11334
1.11625
1.11587
1.1148
1.11825
1.11533
1.11464
1.11767
1.1149
1.11549
1.11643
1.31803
1.22754
1.11617
1.11524
1.11555
1.11602
1.1162
1.11601
1.11451
1.11308
1.12965
1.33293
1.33293
1.33725
1.08306
1.08306
1.11531
1.11682
1.11671
1.11596
1.11466
1.24618
1.37587
1.1174
1.11634
1.11552
1.11448
1.1148
1.1164
1.11496
1.1141
1.11484
1.11703
1.11499
1.16867
1.22958
1.11737
1.11263
1.11615
1.11465
1.23312
1.14899
1.11468
1.38595
1.402
1.1129
1.11736
1.11575
1.11541
1.11648
1.11779
1.11744
1.08668
1.14062
1.57126
1.99466
1.39672
1.33513
1.33513
1.39672
1.33513
1.33513
1.11231
1.11577
1.11668
1.26476
1.26895
1.28376
1.23965
1.11785
1.11927
1.11374
1.11461
1.19591
1.1192
1.11533
1.11635
1.11642
1.11832
1.11566
1.1151
1.12046
1.11553
1.34678
1.24211
1.11405
1.11505
1.116
1.3023
1.11514
1.31387
1.17535
1.11566
1.116
1.1161
1.11563
1.1158
1.11767
1.11552
1.09874
1.25092
1.11819
1.11604
1.11434
1.15462
1.24842
1.11709
1.11374
1.11498
1.11537
1.11727
1.11481
1.11563
1.11561
1.11551
1.11709
1.11484
1.27558
1.08986
1.11546
1.11957
1.11506
1.11381
1.11529
1.11733
1.11436
1.11459
1.11484
1.11426
1.1155
1.12002
1.11618
1.11603
1.11705
1.11662
1.11602
1.11513
1.1149
1.34128
1.11481
1.11625
1.11874
1.11637
1.1165
1.11545
1.18283
1.16689
1.11505
1.11687
1.11354
1.21769
1.09161
1.1138
1.11403
1.11613
1.11643
1.11776
1.11416
1.11664
1.11611
1.11554
1.15373
1.32332
1.11561
1.11728
1.32753
1.15434
1.15434
1.32843
1.21333
1.21333
1.11496
1.12029
1.11593
1.11492
1.11313
1.25699
1.37007
1.11756
1.37084
1.19424
1.11524
1.11561
1.17316
1.62377
1.11673
1.11645
1.11581
1.1172
1.33887
1.11725
1.11545
1.11791
1.1151
1.11449
1.1169
1.11671
1.11529
1.11516
1.1151
1.11337
1.11591
1.1123
1.11498
1.11677
1.11499
1.11678
1.37327
1.33567
1.11689
1.11447
1.11542
1.11548
1.11563
1.11733
1.11621
1.11424
1.29351
2.1011
1.12012
1.17453
1.65955
1.11881
1.11482
1.11657
1.11497
1.11473
1.1134
1.11488
1.11272
1.11492
1.11648
1.1169
1.51506
1.69768
1.11584
1.42933
1.40084
1.23313
1.37909
1.11422
1.11682
1.11401
2.02492
1.11704
1.11659
1.11633
1.11628
1.4173
1.11694
1.11439
1.11592
1.11632
1.11759
1.11506
1.11622
1.11611
1.1164
1.11502
1.11463
1.11436
1.11376
1.11613
1.11707
1.11759
1.11567
1.10409
1.44421
1.27111
1.13714
1.11559
1.28792
1.24257
1.27148
1.23229
1.11451
1.11635
1.41733
1.81277
1.11766
1.11509
1.11669
1.11607
1.11458
1.11451
1.11542
1.11512
1.60685
1.11529
1.11657
1.11616
1.11556
1.11578
1.11512
1.11733
1.11733
1.11647
1.11669
1.11679
1.11864
1.1165
1.1158
1.11558
1.11591
1.11454
1.11496
1.11509
1.11613
1.11692
1.11459
1.11257
1.11724
1.11553
1.11418
1.11682
1.17913
1.48917
1.11582
1.11621
1.11559
1.11562
1.31913
1.11499
1.11586
1.11479
1.11125
1.11755
1.11633
1.19475
1.11474
1.11738
1.26093
2.14087
1.11629
1.1148
1.11736
1.11662
1.18327
1.11577
1.11661
1.1438
1.34758
1.1181
1.11457
1.19603
1.36951
1.11533
1.23365
1.39216
1.11522
1.11411
1.11566
1.28488
1.14114
1.11432
1.11657
1.11456
1.11368
1.12009
1.11503
1.11467
1.11345
1.1138
1.11536
1.116
1.11698
1.11542
1.11711
1.11382
1.39377
1.44275
1.11537
1.11637
1.11649
1.11722
1.11549
1.11608
1.21895
1.28825
1.11511
1.11479
1.11602
1.1165
1.11387
1.11421
1.11535
1.15928
2.03168
1.11637
1.11511
1.11356
1.11538
1.11421
1.34011
1.72851
1.11372
1.11445
1.11587
1.11521
1.11495
1.11671
1.11408
1.1147
1.11534
1.11464
1.1148
1.11616
1.11715
1.18361
1.42247
1.11596
1.11606
1.1148
1.1158
1.1151
1.11555
1.11628
1.11628
1.11305
1.11616
1.41262
1.30277
1.11255
1.11234
1.11705
1.11514
1.11677
1.53677
1.13833
1.11523
1.19723
1.26648
1.1173
1.11676
1.11489
1.11586
1.18342
1.60073
1.11621
1.11758
1.11609
1.09698
2.4349
1.11527
1.11592
1.11574
1.11838
1.11524
1.11636
1.1157
1.11593
1.1157
1.11551
1.19412
1.478
1.11678
1.11595
1.15841
1.17148
1.11541
1.1165
1.11596
1.11802
1.1157
1.25283
1.29168
1.11573
1.11363
1.11401
1.20712
1.42819
1.11329
1.11606
1.11508
1.1155
1.11594
1.11565
1.21294
1.30543
1.11466
1.32216
1.4894
1.20814
1.83038
1.11848
1.11245
1.11495
1.11492
1.11501
1.11754
1.11361
1.11583
1.11795
1.11678
1.11629
1.65737
1.27271
1.27271
1.34121
1.61774
1.61774
1.11598
1.11477
1.11631
1.11487
1.1154
1.11485
1.19327
1.26462
1.11663
1.11335
1.1157
1.11571
1.11344
1.11373
1.11384
1.11461
1.11367
1.11536
1.11606
1.1174
1.11591
1.50482
1.11911
1.11439
1.11638
1.11522
1.11473
1.11353
1.11594
1.11187
1.11574
1.11563
1.1141
1.11681
1.11529
1.11535
1.11291
1.11507
1.41484
1.31395
1.11418
1.71537
1.40025
1.11818
1.71159
1.24309
1.29324
1.71018
1.11468
1.11433
1.11612
1.11741
1.11757
1.11534
1.11459
1.11633
1.11479
1.11162
1.11434
1.11505
1.11556
1.11464
1.11537
1.11478
1.1144
1.11449
1.11555
1.11531
1.11079
1.11571
1.11627
1.11508
1.11348
1.11878
1.11556
1.11699
1.11441
1.11358
1.25341
1.22656
1.11623
1.11626
1.10334
1.27675
1.11339
1.11578
1.11508
1.11543
1.1144
1.11813
1.11551
1.11968
1.11525
1.11572
1.11513
1.11427
1.11617
1.11541
1.11563
1.4557
1.24205
1.11669
1.11373
1.1156
1.11545
1.11447
1.11886
1.27062
1.11715
1.11524
1.11645
1.11445
1.11596
1.11628
1.11653
1.11592
1.2425
1.3894
1.1156
1.1165
1.11672
1.27208
1.49827
1.11576
1.11529
1.11488
1.1155
1.11649
1.11833
1.11649
1.11447
1.11699
1.116
2.04076
1.35318
1.11797
1.11486
1.11509
1.11656
1.11592
1.11522
1.1144
1.11744
1.11636
1.11425
1.11618
1.11672
1.27621
1.40351
1.11552
1.11611
1.11495
1.22382
1.13531
1.11565
1.11741
1.1157
1.11444
1.11646
1.11582
1.11465
1.11507
1.1176
1.55502
1.107
1.11716
1.11561
1.28645
1.7367
1.11589
1.11502
1.11573
1.20859
1.30402
1.11445
1.11664
1.11637
1.11452
1.11531
1.11738
1.15448
1.35708
1.115
1.11658
1.1158
1.14956
1.28674
1.1148
1.11576
1.1234
1.27243
1.11746
1.11516
1.10269
1.13526
1.11851
1.12203
1.32483
1.11749
1.11532
1.116
1.11497
1.11656
1.11648
1.11544
1.11759
1.11454
1.11251
1.36385
1.11449
1.11375
1.11405
1.11737
1.11717
1.11742
1.11599
1.1172
1.11701
1.09465
1.21478
1.1158
1.11583
1.11852
1.11664
1.11672
1.25123
1.28812
1.11707
1.11622
1.11444
1.11904
1.11728
1.1148
1.11584
1.11421
1.1156
1.11272
1.12845
1.11732
1.11553
1.11565
1.11568
1.11992
1.11666
1.11481
1.11238
1.11591
1.11693
1.11615
1.20402
1.59106
1.11501
1.12269
1.11573
1.24235
1.21077
1.11369
1.11603
1.11739
1.11464
1.11555
1.11629
1.11434
1.12156
1.11655
1.11524
1.11571
1.19172
1.12142
1.11545
1.11536
1.11564
1.11255
1.11641
1.11662
1.11565
1.11589
1.11664
1.31181
1.28601
1.11365
1.11703
1.11677
1.11662
1.13971
1.31431
1.29963
1.11498
1.41423
1.21766
1.11317
1.18607
1.11686
1.11392
1.34785
1.11355
1.11695
1.11505
1.11863
1.1157
1.11511
1.11538
1.1169
1.2546
1.11828
1.11548
1.11684
1.11498
1.11209
1.11615
1.11823
1.11548
1.11728
1.11405
1.11459
1.11523
1.11595
1.11541
1.1165
1.11493
1.11934
1.29683
1.29528
1.11516
1.11545
1.11375
1.11351
1.11539
1.12261
1.70277
1.11795
1.11659
1.11441
1.15951
1.08639
1.1164
1.19501
1.39998
1.11392
1.11728
1.11412
1.11497
1.11454
1.11638
1.11686
1.08693
1.11351
1.11979
1.11395
1.11207
1.54722
1.10354
1.87819
3.34447
3.34447
2.40395
1.4695
1.19546
1.7377
1.7377
2.40395
1.4695
1.19546
1.7377
1.7377
1.11534
1.1157
1.11632
1.11697
1.11546
1.11721
1.52818
1.52818
1.3403
1.11631
1.11443
1.12023
1.11957
1.11869
1.11435
1.1163
1.11444
1.12591
1.35473
1.11476
1.11566
1.11545
1.11543
1.11528
1.11737
1.11706
1.11394
1.1174
1.11617
1.11673
1.116
1.11759
1.11459
1.11797
1.1153
1.11627
1.11643
1.11494
1.11363
1.11201
1.11648
1.09858
1.1152
1.11647
1.11713
1.11601
1.1143
1.11476
1.11487
1.11633
1.1154
1.11466
1.11568
1.11367
1.34607
1.24601
1.11586
1.11604
1.11751
1.1163
1.11549
1.22474
1.25336
1.11617
1.11676
1.11566
1.11511
1.40969
1.23823
1.11541
1.1143
1.11551
1.11758
1.1158
1.11405
1.11481
1.11668
1.11456
1.40586
1.21883
1.11431
1.11419
1.11479
1.11697
1.30389
1.23432
1.11553
1.11601
1.11401
1.11616
1.11533
1.11679
1.57347
1.2539
1.11676
1.6457
1.27776
1.11588
1.1146
1.11381
1.11686
1.11305
1.11816
1.11602
1.11556
1.11508
1.1144
1.11542
1.18992
1.65949
1.12443
1.11671
1.3428
1.29718
1.11758
1.11755
1.11719
1.11385
1.11452
1.11748
1.11539
1.1142
1.11338
1.11678
1.11635
1.11562
1.11765
1.11437
1.11487
1.11355
1.11527
1.11682
1.11572
1.11598
1.11629
1.11626
1.1171
1.117
1.11614
1.37199
1.28192
1.11667
1.11557
1.11275
1.10592
1.26473
1.11424
1.30738
1.2455
1.34272
1.27063
1.29705
1.11544
1.11682
1.35482
1.3633
1.11495
1.1162
1.11508
1.1159
1.11541
1.84196
1.65345
1.11529
1.11537
1.11638
1.38575
1.22148
1.22148
1.38575
1.22148
1.22148
1.11302
1.1168
1.11385
1.1148
1.11594
1.11559
1.11746
1.11551
1.11569
1.11731
1.57431
1.334
1.11697
1.11645
1.1574
1.28685
1.1156
1.11437
1.11569
1.11628
1.11738
1.11694
1.1154
1.11235
1.11496
1.11489
1.11911
1.11561
1.11523
1.11532
1.11645
1.115
1.11548
1.11644
1.11422
1.11522
1.11643
1.11582
1.11536
1.1187
1.11667
1.11571
1.11279
1.11584
1.11273
1.11723
1.11548
1.117
1.115
1.11349
1.839
1.11637
1.11375
1.8432
1.11903
1.11971
1.11608
1.11495
1.1139
1.11424
1.11623
1.11427
1.11559
1.11724
1.11381
1.11428
1.11396
1.11717
1.11894
1.11537
1.11478
1.10995
1.11514
1.11635
1.11555
1.1156
1.09271
1.16282
1.11544
1.11608
1.56667
1.57445
1.57445
1.56667
1.57445
1.57445
1.11692
1.1153
1.14518
1.2614
1.11486
1.09259
1.37713
1.11651
1.11722
1.11454
1.65288
1.11663
1.11485
1.43063
1.59812
1.11617
1.16055
1.13254
1.11483
1.11773
1.11312
1.11749
1.1163
1.11581
1.11622
1.11686
1.46726
1.11535
1.11568
1.1149
1.11775
1.11581
1.11547
1.11561
1.11714
1.112
1.83498
1.14289
1.62292
1.1178
1.33367
1.3203
1.11609
1.11605
1.11872
1.117
1.11629
1.12523
1.24627
1.11449
1.1176
1.1164
1.11538
1.11424
1.11524
1.11552
1.11228
1.20227
1.19487
1.18323
1.6883
1.11363
1.11736
1.11338
1.30393
1.34782
1.11752
1.1159
1.11684
1.11404
1.11537
1.11423
1.68466
1.14342
1.11768
1.11249
1.11548
1.11483
1.11378
1.11603
1.11752
1.1858
1.11492
1.11644
1.11649
1.11577
1.11676
1.11546
1.11887
1.11631
1.11429
1.11465
1.11456
1.1171
1.11653
1.11682
1.41547
1.85236
1.11518
1.2725
1.32494
1.11246
1.11604
1.21003
1.33383
1.11397
1.1197
1.11798
1.11448
1.11407
1.22216
1.57017
1.11266
1.11511
1.11605
1.11667
1.11649
1.11631
1.11869
1.11731
1.11312
1.11623
1.11627
1.1181
1.11754
1.11453
1.11511
1.11482
1.11592
1.1185
1.11441
1.11624
1.1174
1.2527
1.21039
1.1133
1.11667
1.11465
1.11679
1.11613
1.11407
1.11559
1.11319
1.11728
1.11508
1.11821
1.11816
1.11514
1.11435
1.11871
1.11568
1.11629
1.11593
1.1174
1.11622
1.11769
1.116
1.21594
1.14434
1.11614
1.11538
1.11676
1.1162
1.23875
1.11443
1.09504
1.11536
1.11369
1.11787
1.11528
1.1157
1.11595
1.11623
1.11809
1.11702
1.1154
1.20195
1.11645
1.15797
1.22238
1.11652
1.11221
1.11458
1.11519
1.11536
1.11347
1.39912
1.59721
1.11512
1.11967
1.11732
1.11576
1.118
1.11856
1.11555
1.11677
1.11847
1.11562
1.25866
1.3436
1.11648
1.1145
1.11626
1.11579
1.23456
1.09043
1.11392
1.11671
1.1175
1.11469
1.11774
1.11482
1.11525
1.2333
1.23856
1.11189
1.1158
1.11534
1.11299
1.72734
1.36756
1.33809
1.36756
1.33809
1.33809
1.72734
1.36756
1.33809
1.36756
1.33809
1.33809
1.34042
1.14124
1.14124
1.14124
1.33482
1.33482
1.11445
1.116
1.29135
1.16745
1.11489
1.1155
1.11353
1.11802
1.11726
1.11667
1.11584
1.15223
1.16066
1.19205
1.18442
1.11518
1.11509
1.11542
1.11734
1.11678
1.25159
1.11612
1.11526
1.11439
1.11759
1.11579
1.11626
1.41333
1.11412
1.11549
1.11405
1.1157
1.11462
1.11427
1.11701
1.11625
1.11709
1.11287
1.11694
1.11708
1.48013
1.09339
1.11562
1.11405
1.1147
1.11727
1.1177
1.11699
1.11458
1.11407
1.11641
1.1134
1.11539
1.16145
1.2112
1.11494
1.11787
1.11489
1.2216
1.57926
1.11426
1.11589
1.11354
1.11495
1.11601
1.23849
1.29321
1.11574
1.11561
1.11966
1.11495
1.11736
1.11479
1.11533
1.11462
1.11416
1.1156
1.24938
1.39131
1.21983
1.262
1.11484
1.11488
1.11274
1.11498
1.11622
1.08567
1.51411
1.1146
1.11565
1.115
1.1158
1.11826
1.11598
1.11489
1.29193
1.68529
1.11483
1.11851
1.11688
1.11655
1.11592
1.11397
1.11697
1.1155
1.11558
1.1167
1.20007
1.17773
1.1148
1.11443
1.11268
1.11687
1.11576
1.1158
1.34622
1.15504
1.34037
1.11601
1.35343
1.21563
1.21669
1.11628
1.11591
1.1169
1.25829
1.18864
1.11463
1.11532
1.40232
1.33415
1.1125
1.11595
1.11773
1.1168
1.11582
1.1152
1.11348
1.11519
1.11555
1.39158
1.11686
1.1147
1.11569
1.11624
1.11646
1.11712
1.11469
1.09828
1.11496
1.1171
1.3006
1.4167
1.22435
1.49882
1.1151
1.11861
1.50298
1.435
1.11228
1.11507
1.11522
1.11448
1.11713
1.11567
1.11722
1.3835
1.65266
1.11589
1.1196
1.11526
1.11424
1.11508
1.11477
1.30372
1.29633
1.11659
1.11788
1.14521
1.11636
1.11639
1.10827
1.30611
1.4761
1.37646
1.11536
1.1184
1.11591
1.11563
1.11763
1.11429
1.11765
1.11153
1.11496
1.1161
1.11385
1.42482
1.39954
1.11538
1.29719
1.11574
1.11625
1.11472
1.11491
1.1147
1.11698
1.11705
1.31276
1.399
1.11934
1.16297
1.37828
1.12063
1.11634
1.11643
1.11763
1.11639
1.11483
1.11587
1.11455
1.11314
1.11639
1.11597
1.11824
1.112
1.1167
1.1148
1.11701
1.11571
1.11441
1.11643
1.11835
1.23142
1.56355
1.11898
1.34906
1.96116
1.11542
1.11954
1.11528
1.11057
1.45197
1.11738
1.11485
1.11633
1.21597
1.49488
1.11683
1.11417
1.11582
1.11485
1.11583
1.11393
1.11555
1.11647
1.11421
1.11602
1.11415
1.11608
1.11626
1.11508
1.11756
1.11387
1.11464
1.11492
1.11459
1.11563
1.114
1.11634
1.1151
1.11685
1.11557
1.77222
1.61892
1.11528
1.40957
1.36198
1.1148
1.11428
1.1158
1.1154
1.1171
1.18106
1.14758
1.11329
1.1137
1.11581
1.11404
1.117
1.27149
1.23234
1.4192
1.97453
1.11545
1.11632
1.30538
1.81807
1.11381
1.11468
1.11514
1.11708
1.11456
1.1181
1.11617
1.11333
1.11393
1.11456
1.11006
1.11503
1.11621
1.11379
1.11503
1.11964
1.11377
1.12769
1.11687
1.11393
1.11828
1.11656
1.11488
1.11542
1.11541
1.11483
1.11402
1.11491
1.11329
1.18283
1.2576
1.11516
1.11643
1.11506
1.11251
1.11695
1.11386
1.11499
1.11656
1.11727
1.11475
1.22401
1.25749
1.15164
1.85586
1.15164
1.94207
1.94207
1.32158
1.27379
1.62572
1.27379
1.4696
1.30663
1.11865
1.11643
1.11505
1.11552
1.11794
1.11312
1.11478
1.11486
1.11823
1.11732
1.11579
1.11782
1.10117
1.20236
1.11691
1.11457
1.39969
1.11595
1.11227
1.11774
1.09005
1.23078
1.11473
1.11708
1.11565
1.11524
1.11896
1.11608
1.13266
1.11259
1.11619
1.11901
1.42485
1.1138
1.11749
1.11571
1.11556
1.11456
1.11626
1.08801
1.11569
1.11564
1.11322
1.12157
1.10118
1.11566
1.11637
1.11558
1.11641
1.15148
1.23574
1.11328
1.11371
1.11643
1.21793
1.34848
1.11555
1.53621
1.35879
1.11573
1.11855
1.11715
1.21279
1.11546
1.11545
1.11896
1.11733
1.11659
1.3483
1.48133
1.11536
1.11124
1.11491
1.11445
1.11566
1.11531
1.12321
1.25243
1.1146
1.11483
1.11684
1.19106
1.52824
1.11558
1.11445
1.43525
1.25891
1.11474
1.11541
1.11562
1.11779
1.11554
1.11706
1.11545
1.11627
1.26521
1.59546
1.11501
1.11425
1.11519
1.11498
1.11699
1.11565
1.11603
1.11411
1.11564
1.11737
1.58444
1.74436
1.11584
1.11774
1.25366
1.11584
1.11551
1.11584
1.18877
1.59653
1.11753
1.09865
1.1537
1.15353
1.11591
1.20551
1.3679
1.11543
1.11522
1.11371
1.11562
1.11634
1.1158
1.11833
1.11564
1.11854
1.11645
1.11533
1.11393
1.11769
1.11648
1.11688
1.11481
1.11101
1.11718
1.11468
1.11791
1.1153
1.11644
1.16023
1.30997
1.14736
1.11491
1.11689
1.36743
1.27692
1.11359
1.26048
1.11577
1.17695
1.49177
1.11503
1.11562
1.11359
1.1177
1.11599
1.11624
1.64527
1.25501
1.16106
1.45473
1.11636
1.25863
1.45027
1.11645
1.1148
1.11492
1.11615
1.11554
1.11557
1.17419
1.48284
1.11564
1.11717
1.19321
1.1183
1.11382
1.15368
1.222
1.11482
1.115
1.11731
1.11869
1.11567
1.11612
1.11494
1.11597
1.11689
1.11832
1.30959
1.1139
1.1155
1.11491
1.24438
1.33082
1.12618
1.16404
1.11744
1.11487
1.11306
1.1132
1.1156
1.11653
1.09945
1.16807
1.11522
1.11527
1.27938
1.12272
1.11569
1.11725
1.11612
1.11341
1.115
1.11506
1.11771
1.21804
1.24836
1.11677
1.11651
1.11502
1.11875
1.11672
1.13088
1.39472
1.46287
1.11588
1.11551
1.43552
2.40358
1.1134
1.11528
1.22757
1.22953
1.11631
1.11487
1.11565
1.12103
1.11376
1.11534
1.11523
1.1156
1.34607
1.65094
1.11428
1.11393
1.18517
1.24462
1.11564
1.11673
1.1175
1.1145
1.11768
1.35618
1.1147
1.11412
1.11519
1.11671
1.11544
1.11572
1.11302
1.11611
1.11641
1.11547
1.15765
1.21186
1.11681
1.22798
1.24534
1.11485
1.11748
1.1147
1.11455
1.11667
1.20262
1.47034
1.27495
1.20518
1.27495
1.20518
1.20518
1.20262
1.47034
1.27495
1.20518
1.27495
1.20518
1.20518
1.33821
1.38211
1.38211
1.38211
1.17482
1.33745
1.33745
1.11633
1.11917
1.11639
1.11596
1.11627
1.11369
1.14042
1.11533
1.11007
1.11669
1.11512
1.11886
1.11588
1.11858
1.11984
1.11553
1.11338
1.18774
1.44535
1.11719
1.11625
1.42442
1.21957
1.11514
1.11518
1.11698
1.11591
1.23495
1.46892
1.11587
1.11578
1.11506
1.11643
1.11498
1.11594
1.11443
1.29067
1.39786
1.11593
1.11722
1.11646
1.11451
1.11708
1.11461
1.11586
1.11653
1.11558
1.11801
1.28081
1.40681
1.11637
1.11631
1.11641
1.11441
1.11499
1.11345
1.0912
1.11616
1.11605
1.1161
1.11548
1.11565
1.12109
1.68793
1.56616
1.1155
1.11566
1.11667
1.115
1.11221
1.27327
1.31954
1.11421
1.11568
1.11672
1.118
1.11569
1.11591
1.1172
1.11428
1.18583
1.16697
1.11511
1.11463
1.11177
1.11724
1.11537
1.24857
1.21954
1.11332
1.11476
1.11664
1.11826
1.11458
1.11704
1.11586
1.11729
1.11379
1.11519
1.4774
1.18864
1.11504
1.11524
1.11482
1.1173
1.11777
1.34454
1.28566
1.1138
1.24321
1.28865
1.29175
1.15021
1.15951
1.19979
1.11771
1.11868
1.11483
1.11538
1.11597
1.11587
1.28668
1.36944
1.55412
1.54739
1.11736
1.11641
1.1162
1.11536
1.1135
1.11673
1.11547
1.28901
1.11526
1.11696
1.11849
1.11459
1.11851
1.43706
1.11783
1.11701
1.11678
1.11407
1.11582
1.11555
1.11558
1.11571
1.11764
1.11628
1.11511
1.11187
1.52204
1.23233
1.10392
1.11052
1.11585
1.11616
1.11959
1.11869
1.11599
1.11172
1.11592
1.11601
1.11736
1.11654
1.11514
1.11549
1.21943
1.14904
1.1164
1.11591
1.11698
1.11555
1.11517
1.18769
1.14283
1.11631
1.11632
1.11644
1.11497
1.11322
1.11759
1.11526
1.11684
1.11442
1.11639
1.19371
1.15838
1.28332
1.18722
1.11699
1.11513
1.11661
1.11498
1.11422
1.25464
1.11675
1.11503
1.11628
1.20855
1.64199
1.11713
1.1173
1.11642
1.15234
1.33661
1.11815
1.1175
1.11503
1.11569
1.11799
1.1186
1.83171
1.1146
1.11301
1.16361
1.19281
1.1156
1.11701
1.0882
1.11552
1.11469
2.25875
1.58539
1.11302
1.11587
1.11433
1.11303
1.11662
1.11734
1.11493
1.52471
1.32073
1.32073
1.34136
1.2627
1.2627
1.46847
1.54553
1.40298
1.40298
1.38788
1.11504
1.11444
1.11457
1.22462
1.11713
1.116
1.11454
1.11707
1.11576
1.11594
1.1166
1.11561
1.11802
1.11838
1.11598
1.1125
1.11279
1.1169
1.11778
1.39565
1.4973
1.4973
1.39565
1.4973
1.4973
1.11646
1.1169
1.11697
1.11476
1.11664
1.15236
1.10224
1.25904
1.29971
1.11452
1.11563
1.11232
1.90137
1.8274
1.11593
1.11384
1.11589
1.11774
1.08834
1.11487
1.11516
1.11694
1.16605
1.17682
1.17682
1.34133
1.16173
1.16173
1.11618
1.11327
1.11574
1.11566
1.1178
1.11599
1.22906
1.24031
1.11505
1.11591
1.11719
1.11565
1.11453
1.29338
1.25245
1.35885
1.48859
1.25245
1.35885
1.35885
1.29338
1.25245
1.35885
1.48859
1.25245
1.35885
1.35885
1.33671
1.60245
1.7484
1.60245
1.60245
1.33416
1.33416
1.12619
1.16119
1.1161
1.11729
1.11683
1.1157
1.1192
1.11665
1.11558
1.11421
1.11674
1.11589
1.11597
1.1172
1.10986
1.31127
1.17882
1.1162
1.11743
1.11519
1.49338
1.21313
1.11729
1.11546
1.11685
1.11548
1.11766
1.11661
1.28043
1.19647
1.17957
1.33007
1.23561
1.11782
1.11671
1.11532
1.28179
1.26456
1.11779
1.11758
1.11439
1.11645
1.11585
1.11582
1.11636
1.11618
1.15208
2.33687
1.43757
1.12496
1.11652
1.09739
1.49903
1.11604
1.11803
1.11982
1.40245
1.54715
1.54715
1.33562
1.22815
1.22815
1.11584
1.11549
1.11573
1.11511
1.11518
1.72181
1.62654
1.11566
1.11541
1.11713
1.11585
1.28716
1.11266
1.11545
1.11606
1.11535
1.30999
1.14144
1.34729
1.48508
1.48508
1.33918
1.40813
1.40813
1.1143
1.11309
1.11687
1.11416
1.0826
1.47298
1.11574
1.1411
1.16574
1.11585
1.11511
1.11245
1.11482
1.1153
1.17043
1.12857
1.11728
1.11392
1.35845
1.11683
1.11487
1.11702
1.11468
1.09488
1.34402
1.1154
1.11469
1.11848
1.24711
1.5926
1.11524
1.08332
1.11333
1.11548
1.10625
1.54353
1.11537
1.11589
1.11654
1.11405
1.11603
1.11355
1.11481
1.11576
1.11641
1.11879
1.21024
1.12034
1.25743
1.21911
1.11299
1.11614
1.11422
1.11386
1.1161
1.11448
1.11567
1.10873
1.116
1.1676
1.31343
1.11421
1.11415
1.09358
1.17101
1.11435
1.11501
1.11613
1.11632
1.114
1.12002
1.11486
1.11339
1.11625
1.11378
1.11645
1.34787
1.3847
1.11648
1.11581
1.11553
1.11731
1.11688
1.11594
1.11718
1.11671
1.11776
1.11469
1.29233
1.28931
1.11543
1.11518
1.11807
1.28404
1.11484
1.11703
1.11593
1.11595
1.1146
1.2358
1.29227
1.11422
1.11571
1.11445
1.11401
1.11568
1.11642
1.11779
1.11717
1.16416
1.23868
1.11987
1.11691
1.11641
1.11517
1.11473
1.11604
1.11602
1.11457
1.16999
1.24933
1.11548
1.11543
1.11459
1.11807
1.11613
1.11568
1.11544
1.11593
1.19609
1.42267
1.11568
1.11448
1.11686
1.11718
1.11662
1.11707
1.11863
1.11641
1.11556
1.11583
1.43991
1.2405
1.11409
1.11451
1.11552
1.11037
1.11606
1.50857
1.20532
1.11473
1.11533
1.11698
1.11499
1.11529
1.11388
1.11306
1.11617
1.11398
1.17622
1.20894
1.11871
1.11653
1.11767
1.11377
1.19092
1.4235
1.11719
1.11523
1.0846
1.22246
1.11446
1.11805
1.11432
1.11888
1.11344
1.11179
1.11541
1.84985
1.35586
1.35586
1.34115
1.18407
1.18407
1.11603
1.11477
1.11544
1.11956
1.11489
1.11591
1.11572
1.11667
1.11685
1.11489
1.11476
1.11529
1.25181
1.28892
1.11198
1.16268
1.11478
1.11598
1.11531
1.11701
1.1156
1.11619
1.27436
1.12988
1.11601
1.11705
1.11477
1.11647
1.11188
1.11731
1.11561
1.11766
1.11619
1.17814
1.40038
1.17522
1.11579
1.11512
1.11283
1.11846
1.23911
1.22807
1.11695
1.11478
1.10772
1.24456
1.11579
1.11922
1.11684
1.11594
1.11608
1.11647
1.11537
1.11772
1.11508
1.11797
1.21369
1.26643
1.11472
1.16471
1.17733
1.13783
1.40007
1.12133
1.11658
1.11466
1.11679
1.53153
1.3393
1.11245
1.11731
1.11304
1.11774
1.33197
1.11598
1.11495
1.11486
1.11177
1.11477
1.1155
1.11381
1.11439
1.11611
1.11462
1.1153
1.1154
1.11434
1.11588
1.11534
1.11577
1.11756
1.11329
1.11583
1.11461
1.11712
1.11679
1.11418
1.11541
1.1148
1.11584
1.15577
1.19519
1.11683
1.11087
1.11501
1.11634
1.11641
1.11662
1.11533
1.11601
1.11673
1.11578
1.11676
1.1141
1.11467
1.11593
1.11217
1.11573
1.11815
1.11678
1.11587
1.0871
1.11505
1.11321
1.11545
1.11775
1.11624
1.11365
1.59018
1.11663
1.11645
1.11858
1.11545
1.11319
1.11483
1.11491
1.11437
1.11445
1.11601
1.24557
1.44931
1.11431
1.11485
1.11672
1.35918
1.11285
1.11785
1.11521
1.11572
1.11254
1.11496
1.19411
1.11495
1.21883
1.16707
1.46494
1.22826
1.11157
1.11518
1.12072
1.20486
1.11644
1.11692
1.11677
1.11659
1.11571
1.11522
1.1167
1.11584
1.11388
1.11545
1.22536
1.14082
1.11564
1.2481
1.16362
1.11446
1.11831
1.29455
1.11934
1.11412
1.1148
1.15278
1.11328
1.11738
1.11573
1.11509
1.11525
1.11917
1.1144
1.11796
1.10622
1.11775
1.11487
1.11685
1.11461
1.11558
1.11725
1.11576
1.11615
1.11602
1.11527
1.11851
1.11354
1.1161
1.11639
1.314
1.22242
1.11617
1.59134
1.1156
1.11382
1.11895
1.1168
1.12016
1.15256
1.11596
1.11563
1.11567
1.11276
1.11614
1.11669
1.11511
1.07848
1.34107
1.11506
1.11711
1.11694
1.11624
1.11475
1.33075
1.78934
1.11431
1.53322
1.75444
1.11683
1.28617
1.11575
1.11493
1.22436
1.37034
1.12808
1.43935
1.29879
1.38099
1.1171
1.11593
1.23539
1.54221
1.11625
1.11444
1.18085
1.981
1.25322
1.5126
1.1159
1.11585
1.11924
1.1164
1.11574
1.11586
1.11425
1.11655
1.11793
1.11492
1.11489
1.11239
1.1167
1.1159
1.11412
1.11775
1.11213
1.11866
1.11439
1.11552
1.20286
1.11622
1.11822
1.31853
1.16184
1.11409
1.11598
1.11501
1.11665
1.11498
1.07994
1.11541
1.11417
1.11387
1.13034
1.14339
1.11762
1.11534
1.11609
1.11691
1.34375
1.45596
1.19602
1.19602
1.33455
1.1885
1.1885
1.11528
1.11468
1.11639
1.116
1.11517
1.1182
1.11586
1.1144
1.11477
1.11658
1.11507
1.11629
1.30811
1.11616
1.11532
1.11263
1.11663
1.11776
1.11454
1.11623
1.11509
1.11347
1.3479
1.11726
1.11668
1.11426
1.11486
1.11626
1.11598
1.11413
1.11476
1.11655
1.11463
1.11941
1.14592
1.11442
1.11823
1.11542
1.11604
1.11652
1.11686
1.11719
1.11697
1.11777
1.1169
1.11658
1.11447
1.11525
1.1153
1.11503
1.11687
1.11567
1.22493
1.19797
1.1143
1.17652
1.75631
1.11637
1.11485
1.11407
1.1166
1.1167
1.30479
1.11525
1.11585
1.11609
1.11636
1.16271
1.08519
1.11379
1.12796
1.55078
1.13926
1.23672
1.11606
1.11502
1.32748
1.14018
1.11364
1.11093
1.11428
1.11663
1.1147
1.11437
1.11499
1.11554
1.11403
1.1176
1.11498
1.60604
1.62911
1.11766
1.24124
1.38018
1.11548
1.11475
1.11853
1.11555
1.11919
1.11552
1.11657
1.30995
1.27949
1.11804
1.11759
1.11999
1.11703
1.11435
1.82814
1.29384
1.29384
1.34025
1.38094
1.38094
1.11645
1.11726
1.11361
1.10978
1.11612
1.10159
1.20717
1.11384
1.27428
1.33524
1.11538
1.11432
1.11693
1.11662
1.11737
1.11416
1.1198
1.11688
1.17708
1.59821
1.11495
1.11671
1.11725
1.11463
1.11617
1.10968
1.21359
1.11351
1.11821
1.11508
1.11592
1.11529
1.11451
1.11551
1.11693
1.11703
1.11407
1.11605
1.1152
1.11599
1.11297
1.78603
1.11875
1.1119
1.32027
1.10799
1.11525
1.16118
1.15075
1.11493
1.11279
1.11272
1.11665
1.11474
1.11547
1.18271
1.60277
1.11497
1.11455
1.08606
2.15084
1.11334
1.11317
1.11639
1.1162
1.09868
1.11601
1.11496
1.11596
1.11591
1.12305
1.17063
1.11617
1.11639
1.11372
1.11601
1.16619
1.17263
1.11474
1.11339
1.14318
1.47945
1.11444
1.11555
1.11625
1.72422
1.21142
1.21142
1.34143
1.44549
1.44549
1.11564
1.09342
1.19265
1.11687
1.14697
1.32471
1.11414
1.4167
1.18402
1.18402
1.4167
1.18402
1.18402
1.11587
1.1167
1.17897
1.43576
1.11355
1.23559
1.24591
1.11655
1.11534
1.11608
1.11748
1.26792
1.41366
1.1178
1.11571
1.11373
1.11505
1.11582
1.11636
1.11584
1.11868
1.11693
1.10479
1.26845
1.11733
1.11431
1.14111
1.11372
1.11606
1.25739
1.11514
1.11662
1.29933
1.36578
1.11649
1.11592
1.11552
1.11701
1.11405
1.11671
1.11544
1.28177
1.29562
1.11546
1.11592
1.11564
1.11595
1.1167
1.11521
1.11418
1.20804
1.19045
1.24169
1.45375
1.11613
1.11562
1.11431
1.1196
1.1179
1.11761
1.1169
1.11467
1.11905
1.11527
1.11637
1.11728
1.11562
1.11431
1.11625
1.11551
1.1164
1.23929
1.16847
1.11606
1.11575
1.11714
1.11676
1.27919
1.4689
1.1115
1.11277
1.14266
1.59147
1.11895
1.11554
1.11629
1.3481
1.14688
1.11713
1.11272
1.11562
1.11582
1.11677
1.11575
1.11602
1.11444
1.11519
1.11317
1.11582
1.18888
1.26955
1.11381
1.11557
1.11571
1.11588
1.1157
1.11635
1.2025
1.22404
1.11905
1.21298
1.11354
1.11562
1.17547
1.23299
1.11901
1.11466
1.11516
1.20916
1.11625
1.51256
2.35316
1.11778
1.11626
1.12765
1.16975
1.11674
1.11662
1.27947
1.18841
1.11716
1.15246
1.26569
1.11485
1.11477
1.1147
1.11637
1.19195
1.4206
1.11492
1.11489
1.12427
1.43455
1.11533
1.24947
1.29185
1.11556
1.11669
1.11722
1.11563
1.11626
1.11569
1.11613
1.534
1.20942
1.20942
1.32614
1.30591
1.30591
1.11522
1.11621
1.1142
1.11694
1.11237
1.11486
1.22541
1.81702
1.11556
1.11771
1.11413
1.11637
1.11644
1.11474
1.1755
1.15219
1.48535
1.75217
1.11494
1.11734
1.11692
1.30831
1.67334
1.11442
1.11489
1.11777
1.11556
1.11949
1.11406
1.11675
1.19419
1.42884
1.11413
1.11532
1.11515
1.11447
1.11306
1.11597
1.10611
1.11568
1.11507
1.28855
1.30997
1.11636
1.11919
1.11564
1.11577
1.11423
1.11545
1.11581
1.1157
1.11628
1.11525
1.11889
1.11432
1.11516
1.13608
1.11442
1.11554
1.11747
1.11625
1.11402
1.11412
1.11491
1.11633
1.1162
1.11499
1.11383
1.11782
1.11554
1.11503
1.11741
1.11504
1.1976
1.17723
1.11694
1.11576
1.11843
1.11616
1.11622
1.36475
1.61646
1.11619
1.11441
1.11645
1.11509
1.11698
1.13684
1.5463
1.11733
1.1177
1.114
1.11569
1.12628
1.11552
1.11501
1.11676
1.11745
1.4625
1.47609
1.11645
1.11649
1.11343
1.0904
1.27093
1.11509
1.11399
1.11111
1.10647
1.20927
1.41122
1.11568
1.11453
1.16194
1.41947
1.11582
1.11498
1.11475
1.11149
1.34202
1.11434
1.2089
1.11547
1.12327
1.18495
1.1165
1.11614
1.1153
1.11476
1.11447
1.11484
1.11952
1.11471
1.11679
1.1154
1.11637
1.41959
1.7345
1.11762
1.11464
1.11597
1.11716
1.11776
1.11833
1.11517
1.11708
1.11553
1.11658
1.11657
1.11581
1.12023
1.11514
1.11493
1.11605
1.1152
1.11672
1.11746
1.11566
1.62624
1.2034
1.11514
1.11838
1.11596
1.11264
1.12692
1.11487
1.11583
1.15597
1.221
1.12494
1.11551
1.11683
1.1148
1.11643
1.11416
1.11636
1.11542
1.11717
1.11518
1.12766
1.16608
1.11491
1.11594
1.11548
1.1167
1.11451
1.11946
1.11621
1.11842
1.11683
1.23536
1.25306
1.11377
1.11567
1.11761
1.11424
1.1139
1.11474
1.46279
1.11501
1.11584
1.39648
2.14786
1.11762
1.11537
1.11666
1.11383
1.11544
1.12089
1.11594
1.11423
1.11391
1.11597
1.11561
1.11449
1.11561
1.11473
1.11341
1.1148
1.11744
1.1143
1.11513
1.11402
1.11924
1.11748
1.11399
1.11597
1.11439
1.1147
1.11685
1.15204
1.48465
1.11589
1.11583
1.11635
1.11387
1.11571
1.11527
1.1161
1.11885
1.11708
1.11443
1.11235
1.11449
1.10438
1.26992
1.11418
1.11575
1.11518
1.11599
1.11663
1.29963
1.20646
1.11485
1.25269
1.33833
1.11812
1.11262
1.1166
1.11593
1.11659
1.11763
1.11495
1.11683
1.11549
1.11536
1.21989
1.56846
1.11253
1.11454
1.46279
1.11549
1.1151
1.11661
1.11588
1.11636
1.11539
1.11669
1.1151
1.29656
1.33273
1.11415
1.11795
1.1158
1.11565
1.11547
1.1176
1.11566
1.11628
1.11661
1.11484
1.20277
1.20961
1.11882
1.11598
1.11685
1.11651
1.25047
1.35163
1.117
1.11714
1.13656
1.28141
1.11486
1.115
1.24027
1.25276
1.11511
1.11578
1.11549
1.46493
1.64226
1.34045
1.73012
1.41854
1.41854
1.11717
1.11536
1.19346
1.11469
1.11541
1.11529
1.13619
1.12645
1.11665
1.11549
1.11597
1.11642
1.11621
1.12854
1.40475
1.1162
1.11669
1.12683
1.93221
1.11419
1.11237
1.11959
1.08868
1.22476
1.11168
1.11697
1.11308
1.1164
1.11493
1.11493
1.11592
1.11211
1.5984
1.65225
1.11727
1.28021
1.38067
1.11576
1.11656
1.11603
1.11534
1.11549
1.11974
1.11418
1.12097
1.11678
1.11615
1.11677
1.11806
1.11677
1.11565
1.11384
1.11807
1.11656
1.11579
1.1159
1.11339
1.11523
1.11639
1.11546
1.11598
1.11528
1.11686
1.11374
1.11504
1.11309
1.11566
1.11526
1.11594
1.11508
1.11602
1.34941
1.34484
1.11626
1.11576
1.11893
1.11503
1.11792
1.16676
1.40887
1.11489
1.11845
1.11335
1.21618
1.60776
1.11115
1.11416
1.11747
1.11639
1.1161
1.11722
1.11619
1.11841
1.11577
1.23388
1.38476
1.11684
1.11553
1.11742
1.11644
1.11576
1.11698
1.11479
1.11632
1.11636
1.1814
1.16171
1.11655
1.11432
1.1181
1.11643
1.11616
1.1155
1.11503
1.11733
1.11578
1.1142
1.11473
1.11699
1.23081
2.28105
1.11605
1.11333
1.1161
1.11726
1.11697
1.11517
1.11666
1.11465
1.1143
1.15059
1.28994
1.11483
1.11883
1.11486
1.11863
1.11539
1.1165
1.11417
1.1163
1.11455
1.11447
1.11744
1.11561
1.11437
1.11755
1.68253
1.50104
1.50104
1.68253
1.50104
1.50104
1.11403
1.11542
1.11501
1.11526
1.11667
1.11662
1.1174
1.11731
1.11489
1.286
1.2814
1.11539
1.11672
1.11741
1.11593
1.11597
1.11517
1.11577
1.11526
1.19129
1.25017
1.1164
1.33078
2.67881
1.11708
1.32125
1.37714
1.11491
1.11627
1.11311
1.31
1.27535
1.12172
1.11637
1.11542
1.11578
1.57425
1.38672
1.11583
1.11609
1.11596
1.11658
1.11444
1.25775
1.40861
1.40861
1.25775
1.40861
1.40861
1.11555
1.11648
1.11595
1.11653
1.26776
1.30706
1.11405
1.1208
1.11491
1.11796
1.28906
1.31162
1.34292
1.1149
1.11648
1.11555
1.11577
1.11421
1.11619
1.21087
1.13523
1.11533
1.1171
1.11701
1.11517
1.11555
1.11537
1.11477
1.11432
1.11531
1.11784
1.22402
1.29742
1.11434
1.11664
1.1061
1.22071
1.1141
1.11554
1.11632
1.11591
1.11387
1.11599
1.11662
1.11351
1.11457
1.0919
1.2806
1.12003
1.51109
1.37076
1.11638
1.1142
1.1149
1.22607
1.15617
1.11683
1.11532
1.11797
1.26346
1.29777
1.27654
1.31749
1.11429
1.11521
1.11653
1.11839
1.11446
1.1154
1.11645
1.11816
1.11558
1.11678
1.11555
1.11365
1.11536
1.64775
1.53906
1.1107
1.1152
1.22736
1.24411
1.11683
1.11541
1.11499
1.27328
1.17966
1.11515
1.11397
1.11507
1.11589
1.11466
1.11741
1.11426
1.11609
1.11541
1.4076
1.42662
1.11603
1.11581
1.11542
1.15298
1.21546
1.11594
1.11627
1.11839
1.11837
1.11457
1.11284
1.11764
1.11452
1.11599
1.11601
1.11616
1.13215
1.3521
1.51113
1.91226
1.11841
1.11686
1.25939
1.3394
1.11669
1.11966
1.37809
1.23098
1.11774
1.11545
1.11534
1.1158
1.11656
1.11464
1.11568
1.11425
1.11574
1.11554
1.42161
1.11438
1.11763
1.26819
1.46985
1.11389
1.11564
1.11592
1.1152
1.11522
1.11543
1.11647
1.11601
1.11541
1.1169
1.11609
1.45907
1.11564
1.1174
1.11425
1.11656
1.11715
1.11596
1.19246
1.26234
1.24749
1.07948
1.1168
1.11787
1.35479
1.23674
1.11513
1.11755
1.11979
1.1154
1.1154
1.11338
1.11709
1.1133
1.11444
1.114
1.11491
1.11363
1.1183
1.30204
1.72833
1.11372
1.09211
1.09211
1.33995
1.11582
1.11667
1.11539
1.11218
1.11263
1.11477
1.11617
1.11282
1.11696
1.11468
1.118
1.11569
1.35767
1.23837
1.09393
1.99436
1.11483
1.1029
1.11666
1.11524
1.11567
1.11488
1.11726
1.11521
1.11516
1.11455
1.11554
1.23174
1.46565
1.20764
1.20764
1.34142
1.30799
1.11387
1.11555
1.11533
1.11249
1.11089
1.11691
1.11767
1.11752
1.11485
1.11438
1.18026
1.41419
1.11464
1.11685
1.11535
1.11546
1.1078
1.2876
1.11579
1.11669
1.211
1.46757
1.45076
1.2162
1.23199
1.11497
1.11699
1.11597
1.37069
1.11599
1.1155
1.11767
1.11543
1.11472
1.11687
1.11608
1.3529
1.22106
1.11376
1.39204
1.46436
1.11427
1.38846
1.58032
1.11705
1.11581
1.11472
1.11593
1.11535
1.11508
1.11637
1.11459
1.1165
1.11557
1.1143
1.11567
1.11582
1.11614
1.11359
1.11473
1.25953
1.2611
1.11661
1.11995
1.11384
1.11221
1.11338
1.12042
1.117
1.11601
1.11624
1.11653
1.11429
1.11355
1.11737
1.11491
1.11489
1.11619
1.11719
1.11551
1.11461
1.11484
1.35832
1.2175
1.11497
1.18699
1.11595
1.11649
1.11626
1.2448
1.27916
1.11626
1.11557
1.11778
1.11981
1.11738
1.11654
1.11565
1.11457
1.11531
1.1188
1.11528
1.11723
1.11666
1.1157
1.28349
1.20748
1.11426
1.1164
1.11446
1.11599
1.11569
1.20814
1.21867
1.11536
1.11617
1.11599
1.11401
1.11664
1.11691
1.11577
1.11276
1.11525
1.11984
1.11611
1.17341
1.37547
1.11768
1.11687
1.11559
1.11664
1.11653
1.11564
1.11565
1.11924
1.32128
1.35181
1.1143
1.11512
1.10624
1.15715
1.11702
1.11487
1.11554
1.1139
1.11645
1.11598
1.11313
1.11351
1.11543
1.08087
1.13282
1.11521
1.28011
1.29416
1.95063
2.31435
1.11534
1.11533
1.11495
1.1946
1.20893
1.11816
1.11887
1.42329
1.3442
1.11277
1.114
1.44288
1.25495
1.11467
1.11681
1.1158
1.11382
1.11817
1.11517
1.21301
1.11823
1.11577
1.11208
1.11426
1.11777
1.5545
1.11831
1.11531
1.11543
1.11705
1.11745
1.11581
1.11786
1.11595
1.11602
1.11678
1.11931
1.11446
1.11472
1.11456
1.11706
1.11469
1.11622
1.11555
1.11549
1.11171
1.11059
1.12584
1.11538
1.11654
1.11252
1.11841
1.11618
1.11574
1.11541
1.11585
1.11526
1.11366
1.11589
1.11263
1.18311
1.11538
1.11562
1.11926
1.11661
1.11527
1.11531
1.11914
1.20676
1.11719
1.11784
1.11658
1.11652
1.1158
1.24157
1.13795
1.1157
1.55261
1.80955
1.13369
1.56229
1.11547
1.11617
1.15841
2.1853
1.11494
1.1162
1.11508
1.11622
1.16522
1.31863
1.11842
1.30587
1.13378
1.11667
1.44919
1.30636
1.11654
1.29783
1.18094
1.11623
1.18647
1.34817
1.11379
1.112
1.11625
1.11323
1.10409
1.31216
1.11646
1.11808
1.12544
1.80095
1.11804
1.11567
1.11464
1.11604
1.11698
1.11413
1.11626
1.11243
1.11691
1.11783
1.11502
1.61632
1.11639
1.11594
1.11806
1.11389
1.11711
1.11524
1.11769
1.11602
1.11606
1.11804
1.12366
1.27765
1.11537
1.35892
1.1157
1.11498
1.11452
1.11435
1.11434
1.11539
1.11657
1.11698
1.11715
1.11515
1.11584
1.11569
1.11709
1.11891
1.11976
1.11636
1.36128
1.51104
1.11523
1.11613
1.11684
1.11277
1.11633
1.11812
1.11417
1.11381
1.11728
1.11684
1.11728
1.11548
1.11699
1.11577
1.11687
1.11384
1.11677
1.11835
1.11597
1.11652
1.11574
1.11673
1.11407
1.11508
1.11339
1.27171
1.11657
1.11386
1.11518
1.11509
1.1149
1.11616
1.11573
1.11567
1.11705
1.11458
1.11355
1.11536
1.11508
1.11424
1.1155
1.11214
1.11693
1.1147
1.11453
1.11478
1.13703
1.38272
1.11239
1.11593
1.11461
1.45257
1.69316
1.1124
1.11609
1.33051
1.85763
1.11589
1.11612
1.11388
1.11464
1.11559
1.11465
1.11613
1.11681
1.11623
1.24022
1.24757
1.28255
1.61817
1.11628
1.11521
1.11614
1.11457
1.11555
1.11522
1.11444
1.11576
1.64684
1.60177
1.11654
1.11598
1.19192
1.1182
1.11388
1.11715
1.11093
1.11156
1.11538
1.1174
1.11652
1.11411
1.11693
1.11677
1.11288
1.11671
1.11369
1.11625
1.11539
1.11785
1.11568
1.11456
1.11549
1.11589
1.11801
1.21289
1.83985
1.11522
1.11659
1.11434
1.11643
1.57505
1.25275
1.11097
1.25275
1.11097
1.11097
2.3898
1.57505
1.25275
1.11097
1.25275
1.11097
1.11097
2.3898
1.34094
1.70624
1.34094
1.70624
1.79837
1.42563
1.79837
1.42563
1.42563
1.26713
1.31561
1.11563
1.11533
1.11329
1.11529
1.11432
1.50398
1.24614
1.11682
1.11566
1.11845
1.63143
1.60261
1.11103
1.11729
1.11751
1.11663
1.44705
1.15439
1.89114
1.81596
1.11514
1.19796
1.18927
1.11934
1.11851
1.11449
1.11645
1.11758
1.11397
1.11607
1.11758
1.396
2.06992
1.11565
1.11678
1.25888
1.29013
1.11451
1.33198
1.11386
1.11435
1.11716
1.11832
1.11699
1.11573
1.11496
1.11518
1.47844
1.14115
1.11415
1.11494
1.11451
1.30375
1.33628
1.11468
1.11208
1.11671
1.11834
1.21644
1.27011
1.11439
1.1152
1.19552
1.57791
1.11542
1.11496
1.08687
1.0841
1.11754
1.11654
1.11562
1.11352
1.11501
1.11422
1.24203
1.13156
1.11475
1.20897
1.37145
1.1118
1.12998
1.29656
1.11427
1.11926
1.11586
1.21802
1.33424
1.28299
1.65841
1.16761
1.97894
1.11532
1.15836
1.36923
1.35487
1.63005
1.11961
1.11404
1.1209
1.11587
1.11401
1.11556
1.11408
1.11747
1.11506
1.11576
1.11472
1.11572
1.11636
1.1171
1.1155
1.20179
1.11452
1.11426
1.11616
1.12052
1.11431
1.1166
1.11594
1.11652
1.11786
1.11515
1.11761
1.11711
1.11544
1.11564
1.11489
1.11584
1.11478
1.30711
2.26796
1.11595
1.11621
1.11607
1.11722
1.11336
1.29688
1.16894
1.11557
1.11799
1.11773
1.14986
1.33646
1.1171
1.11162
1.11624
1.11685
1.11977
1.13388
1.39281
1.3071
1.12911
1.1144
1.11753
1.11338
1.17342
1.27706
1.1188
1.1801
1.1801
1.33042
1.11697
1.1422
1.46123
1.11808
1.55646
1.4281
1.11594
1.1154
1.1165
1.11409
1.11286
1.17006
1.17419
1.11846
1.11934
1.11639
1.11787
1.11532
1.11538
1.11601
1.23377
1.11403
1.11363
1.11616
1.11329
1.11476
1.1148
1.11233
1.11743
1.11544
1.1366
1.12335
1.1168
1.1151
1.11501
1.11615
1.11409
1.11521
1.11607
1.11576
1.11579
1.11573
1.11583
1.52364
1.11581
1.11483
1.13917
1.17411
1.11485
1.11624
1.11699
1.11607
1.11671
1.11717
1.11689
1.11322
1.11458
1.12176
1.11506
1.11668
1.11712
1.11583
1.1149
1.11473
1.11468
1.11727
1.11481
1.11392
1.11529
1.15973
1.34939
1.11604
1.11546
1.11542
1.11627
1.11616
1.11528
1.11467
1.114
1.11523
1.11556
1.11578
1.11498
1.1145
1.32377
1.26301
1.11678
1.11519
1.12023
1.11655
1.18817
1.10749
1.1157
1.51199
1.44309
1.44309
1.51199
1.44309
1.44309
1.11664
1.11486
1.11562
1.11651
1.17723
1.81092
1.11355
1.11528
1.11553
1.11538
1.11673
1.11709
1.22258
1.3149
1.11776
1.11653
1.11606
1.39352
1.10754
1.11511
1.11586
1.11522
1.11665
1.11601
1.15681
1.43676
1.11294
1.11635
1.11552
1.11663
1.11554
1.11526
1.11457
1.11361
1.11679
1.11552
1.1116
1.11475
1.36203
1.1159
1.11654
1.11361
1.11539
1.11622
1.1138
1.56919
1.171
1.11751
1.1166
1.11665
1.1172
1.11536
1.38059
1.16644
1.11495
1.11565
1.11414
1.31693
1.48117
1.11524
1.11848
1.11625
1.11587
1.1144
1.11516
1.1135
1.11568
1.11666
1.1156
1.1163
1.11458
1.11777
1.13915
1.16031
1.11664
1.11577
1.11504
1.11435
1.11713
1.1186
1.11154
1.11612
1.11631
1.11503
1.11597
1.24272
1.21669
1.11705
1.11395
1.75373
1.62149
1.1153
1.11612
1.11584
1.11519
1.11338
1.11564
1.11535
1.11601
1.11389
1.33614
1.11523
1.11639
1.11529
1.11873
1.11062
1.11448
1.11521
1.11514
1.11537
1.11567
1.11607
1.11698
1.11499
1.11514
1.11215
1.11627
1.11594
1.24148
1.21963
1.11711
1.11395
1.08018
1.17925
1.11611
1.11522
1.1159
1.11336
1.30368
1.33112
1.11541
1.11669
1.11502
1.1178
1.18975
1.62406
1.11234
1.11575
1.29608
1.11566
1.11239
1.11703
1.11564
1.11462
1.11557
1.14273
1.30611
1.11778
1.11529
1.11523
1.11614
1.11475
1.22399
1.11481
1.11705
1.11249
1.11615
1.11607
1.11341
1.11618
1.20231
1.23207
1.1102
1.11327
1.11636
1.11058
1.11451
1.11842
1.11481
1.11266
1.11458
1.11596
1.0848
1.82188
1.11462
1.11524
1.11187
1.21599
1.22006
1.13094
1.1647
1.48369
1.11602
1.39858
1.24282
1.11518
1.11505
1.11688
1.11531
1.11925
1.10606
1.11387
1.11683
1.11442
1.1126
1.11523
1.11527
1.22737
1.22737
1.33007
1.11493
1.32363
1.31332
1.11504
1.11458
1.11654
1.11553
1.16703
1.81922
1.11717
1.11608
1.1171
1.11592
1.11618
1.11643
1.38788
1.27388
1.11482
1.11646
1.11693
1.1157
1.11546
1.11841
1.11693
1.1161
1.11224
1.11466
1.28387
1.27474
1.31797
1.11737
1.11457
1.11606
1.11337
1.11587
1.11653
1.47189
1.77302
1.11327
1.12718
1.65334
1.37705
1.11632
1.11585
1.11738
1.1183
1.1161
1.1155
1.11602
1.11461
1.11432
1.11593
1.16672
1.29189
1.35742
1.47943
1.11534
1.11565
1.11681
1.19887
1.13652
1.11589
1.11767
1.24712
1.27805
1.11705
1.11478
1.11637
1.11563
1.20233
1.37596
1.11605
1.33927
1.13001
1.12093
1.11551
1.11367
1.11533
1.11396
1.15871
1.28066
1.11598
1.11419
1.11633
1.11513
1.11461
1.11405
1.11685
1.11681
1.5156
1.5876
1.5876
1.5156
1.5876
1.5876
1.11663
1.11428
1.11601
1.11757
1.12416
1.16189
1.11418
1.11466
1.11836
1.11574
1.11375
1.1161
1.11533
1.11523
1.3281
1.51627
1.11558
1.20251
1.23066
1.11487
1.10428
1.08965
1.11495
1.11551
1.11626
1.1157
1.11576
1.11544
1.11447
1.1175
1.11398
1.1165
1.11787
1.11443
1.1134
1.11654
1.11539
1.11642
1.11683
1.11695
1.11705
1.11313
1.11436
1.11509
1.11509
1.21689
1.22985
1.11599
1.11701
1.11564
1.11785
1.11458
1.32835
1.14036
1.11083
1.11833
1.21323
1.11515
1.11699
1.11682
1.11318
1.11024
1.38703
1.32584
1.11649
1.38549
1.1165
1.11516
1.25879
1.30127
1.11506
1.10294
1.21109
1.11533
1.11428
1.11633
1.11462
1.1167
1.11663
1.11567
1.11725
1.11643
1.11502
1.11728
1.11522
1.20319
1.13204
1.11667
1.11572
1.11472
1.11473
1.14366
1.11658
1.11601
1.11594
1.7307
1.29327
1.11791
1.11557
1.11609
1.11684
1.12101
1.24642
1.11274
1.1153
1.11865
1.11681
1.11532
1.11612
1.11551
1.26864
1.11374
1.11421
1.11469
1.11618
1.12083
1.11631
1.11956
1.11575
1.11581
1.73452
1.24515
1.11732
1.11539
1.1162
1.11579
1.1526
1.15925
1.11603
1.11583
1.11262
1.1172
1.11603
1.11759
1.11751
1.11591
1.11834
1.1173
1.11535
1.11594
1.11525
1.11681
1.11627
1.1145
1.11768
1.16526
1.18604
1.11466
1.11606
1.11665
1.11634
1.11523
1.11451
1.22123
1.11508
1.11635
1.11574
1.11528
1.11723
1.11415
1.1166
1.11559
1.11118
1.11483
1.11545
1.1169
1.1163
1.11575
1.08711
1.13079
1.11468
1.11596
1.25536
1.11547
1.14068
1.62535
1.11585
1.11345
1.29379
1.35165
1.11491
1.23787
1.5824
1.10612
1.54571
1.3062
1.11466
1.11596
1.11561
1.1156
1.11413
1.22599
1.47786
1.32441
1.54286
1.39057
1.36692
1.11463
1.21151
1.27404
1.11404
1.11699
1.11438
1.11514
1.11563
1.13988
1.35581
1.11483
1.11157
1.11446
1.11559
1.11572
1.11637
1.11563
1.11632
1.11625
1.23932
1.36096
1.11498
1.11518
1.2886
1.45686
1.11645
1.11453
1.25361
1.38272
1.1156
1.11649
1.11472
1.11587
1.11608
1.11706
1.21011
1.73318
1.11556
1.11608
1.11535
1.11754
1.11274
1.11528
1.11797
1.3259
1.1153
1.11755
1.11408
1.1194
1.11482
1.27729
1.52269
1.11686
1.11783
1.11496
1.16803
1.31121
1.11486
1.11732
1.18752
1.1339
1.11406
1.11557
1.11548
1.11655
1.2606
1.19385
1.1157
1.11595
1.11658
1.11561
1.14898
1.25418
1.1151
1.11664
1.11389
1.11611
1.114
1.11847
1.11504
1.11435
1.11416
1.11809
1.11708
1.11489
1.11497
1.11675
1.11376
1.11421
1.11628
1.11543
1.11555
1.11514
1.11553
1.11649
1.11572
1.1156
1.11695
1.11667
1.1174
1.11219
1.11576
1.11549
1.11462
1.11671
1.11596
1.11358
1.11654
1.11648
1.11596
1.12014
1.1152
1.11487
1.1177
1.11541
1.11414
1.11649
1.11496
1.11176
1.11612
1.11662
1.1181
1.11614
1.11461
1.11734
1.11576
1.11704
1.11626
1.11468
1.11855
1.11377
1.11575
1.1173
1.11454
1.11482
1.11101
1.11836
1.35979
1.46256
1.11556
1.11617
1.11587
1.40574
1.11648
1.11468
1.12992
1.21727
1.11335
1.11371
1.11481
1.11287
1.11578
1.11686
1.11595
1.11722
1.11575
1.11628
1.117
1.17268
1.29326
1.11558
1.11452
1.11635
1.11648
1.11444
1.21116
1.43394
1.11511
1.11537
1.11652
1.11594
1.11437
1.11741
1.19078
1.27409
1.42326
1.25654
1.116
1.10899
1.11249
1.11728
1.11564
1.11592
1.11638
1.11668
1.11557
1.11699
1.11667
1.11519
1.11399
1.11594
1.11612
1.11779
1.11651
1.1133
1.1167
1.11618
1.36908
1.72821
1.11503
1.11695
1.11443
1.1158
1.11579
1.32783
1.1436
1.1175
1.11615
1.11606
1.11706
1.72589
1.52709
1.1151
1.116
1.11614
1.11586
1.11725
1.11751
1.11497
1.11714
1.67911
1.18557
1.11787
1.11634
1.11487
1.11546
1.11557
1.14197
1.11463
1.1152
1.47884
1.44221
1.1153
1.11492
1.47057
1.82928
1.11619
1.11618
1.11639
1.11163
1.11723
1.11586
1.77251
1.35335
1.11568
1.1594
1.59049
1.11448
1.33025
1.11602
1.56155
1.41471
1.11789
1.11643
1.11526
1.11348
1.29278
1.31139
1.11471
1.11479
1.11575
1.11183
1.11776
1.11615
1.11695
1.08823
1.1169
1.11524
1.11665
1.11707
1.57008
1.25157
1.11661
1.11503
1.11537
1.11449
1.1164
1.11725
1.11584
1.26952
1.11678
1.11441
1.16656
1.21504
1.13614
1.15319
1.11266
1.11725
1.11636
1.11452
1.11607
1.1115
1.40522
1.39563
1.11517
1.1168
1.16587
1.35277
1.11345
1.11719
1.11384
1.11449
1.11682
1.11553
1.11294
1.1143
1.11626
1.19655
1.40761
1.11683
1.11713
1.21505
1.33131
1.11645
1.24075
1.11336
1.1136
1.11396
1.11476
1.11541
1.11398
1.47404
1.11549
1.11514
1.32356
1.2173
1.11547
1.11564
1.11394
1.27239
1.25662
1.11778
1.11744
1.1153
1.11442
1.11618
1.20391
1.40079
1.11594
1.73577
1.73577
1.34106
1.34106
2.1972
1.1173
1.11858
1.11425
1.11585
1.11496
1.11539
1.11488
1.11553
1.11814
1.1145
1.11387
1.11754
1.36189
1.11536
1.11528
1.11683
1.11866
1.11612
1.11353
1.1163
1.11487
1.11599
1.11328
1.16548
1.50677
1.11463
1.11753
1.11712
1.11558
1.11631
1.11461
1.11519
1.11523
1.11333
1.1164
1.11578
1.11584
1.11751
1.17091
1.37996
1.33798
1.30641
1.11555
1.11515
1.09018
2.17654
1.11507
1.11695
1.11656
1.11704
1.11444
1.11551
1.26916
1.27266
1.1155
1.11726
1.11675
1.1172
1.114
1.11543
1.14707
1.28087
1.14962
1.22529
1.11751
1.11644
1.11594
1.11494
1.11313
1.11724
1.11428
1.116
1.11442
1.11432
1.11624
1.22755
1.18604
1.55875
1.11414
1.11421
1.11569
1.1154
1.63608
1.53309
1.11555
1.11619
1.11696
1.11658
1.11647
1.11844
1.11381
1.11478
1.11527
1.1152
1.1187
1.11576
1.11403
1.11506
1.11474
1.1145
1.11141
1.11401
1.11747
1.19178
1.13034
1.11542
1.11488
1.11822
1.11676
1.49858
1.36766
1.36766
1.3408
1.34288
1.34288
1.11346
1.11815
1.11659
1.11574
1.11557
1.27338
1.11012
1.34482
1.26592
1.11583
1.11583
1.39582
1.45319
1.16606
1.20648
1.11865
1.11518
1.11674
1.11457
1.09458
1.1181
1.11624
1.11623
1.11569
1.11664
1.70622
1.11593
1.11593
1.1161
1.23541
1.28702
1.11722
1.11611
1.11706
1.115
1.2865
1.54126
1.11583
1.11357
1.1162
1.93627
1.11439
2.06243
1.115
1.11445
1.11271
1.11795
1.11434
1.1153
1.11691
1.11295
1.38018
1.46805
1.11561
1.1148
1.11631
1.11327
1.11822
1.11782
1.1166
1.27789
1.08458
1.16261
1.35482
1.11503
1.11334
1.11146
1.1156
1.11844
1.11338
1.11729
1.11608
1.11569
1.24737
1.11386
1.11774
1.11547
1.11611
1.11647
1.11582
1.11613
1.1166
1.11258
1.11774
1.11549
1.11633
1.1152
1.1169
1.11578
1.10879
1.11464
1.11566
1.11645
1.11536
1.17354
1.24767
1.11622
1.11575
1.18852
1.11347
1.11273
1.11588
1.11559
1.11532
1.2075
1.49684
1.11649
1.11609
1.11525
1.11492
1.11563
1.11524
1.18319
1.34614
1.11398
1.11624
1.11556
1.11813
1.1152
1.11518
1.11691
1.11546
1.11648
1.11654
1.11409
1.11639
1.17041
1.45129
1.11575
1.11579
1.11505
1.11452
1.11464
1.11721
1.11793
1.11457
1.24488
1.33232
1.11457
1.11452
1.11565
1.11641
1.11509
1.1148
1.11628
1.13416
1.11644
1.1164
1.1169
1.11575
1.11925
1.11728
1.11329
1.11555
1.11522
1.11668
1.11646
1.11696
1.11601
1.11685
1.11887
1.11469
1.11467
1.11909
1.5847
1.13332
1.11526
1.11617
1.17765
1.19188
1.11463
1.11624
1.11431
1.11365
1.11106
1.62927
1.11617
1.11618
1.11755
1.34647
1.40095
1.15934
1.16212
1.11486
1.07953
1.07953
1.71937
2.2761
1.17851
1.33941
1.17185
1.77608
1.12024
1.1126
1.11784
1.11675
1.11567
1.11709
1.11829
1.11594
1.1128
1.11378
1.1145
1.1598
1.11636
1.11497
1.11391
1.11495
1.11665
1.13908
1.15015
1.11505
1.15825
1.17279
1.11507
1.11737
1.11535
1.11802
1.11469
1.78991
1.11618
1.117
1.11542
1.11503
1.11466
1.115
1.11864
1.51751
2.47482
1.11551
1.11699
1.11635
1.11938
1.11842
1.43031
1.4384
1.11567
1.11726
1.11529
1.11589
1.11577
1.116
1.28333
1.42247
1.11568
1.11624
1.20918
1.12364
1.11702
1.11669
1.1164
1.11512
1.11641
1.11705
1.1158
1.11273
1.11288
1.11888
1.11479
1.15439
1.16111
1.11509
1.11661
1.11577
1.26103
1.11286
1.1167
1.11645
1.11614
1.11392
1.19758
1.11701
1.11547
1.1158
1.11462
1.11236
1.11421
1.11538
1.11718
1.11266
1.11665
1.11872
1.11464
1.31737
1.5264
1.11675
1.11583
1.11815
1.11633
1.1152
1.14165
1.37466
1.11497
1.11734
1.11437
1.31034
1.56646
1.11483
1.11521
1.11562
1.11616
1.11257
1.48784
1.2848
1.11406
1.11629
1.2749
1.24042
1.50731
1.42705
1.11583
1.11589
1.11657
1.11735
1.11391
1.11572
1.38437
1.32516
1.11591
1.11566
1.11568
1.39994
1.11517
1.11582
1.11548
1.22853
1.34147
1.11737
1.11799
1.1159
1.11421
1.1165
1.11506
1.11544
1.11633
1.1144
1.11645
1.11994
1.2887
1.14706
1.1142
1.11357
1.11591
1.11305
1.11795
1.11603
1.11463
1.11709
1.11429
1.11501
1.1161
1.11608
1.11774
1.11575
1.1188
1.1158
1.11558
1.11281
1.11507
1.14464
1.21996
1.29482
1.11727
